MDL_RM_r	RuleGO	DTHF
1	1	1
1	1	0.333333333
1	1	0.2
1	1	0.125
1	1	0.107142857
1	0.375	0.1875
1	0.604744914	0.25
1	0.921057259	0.020408163
0.5	0.921057259	0.125
0.5	0.854744914	0.01893088
0.5	0.48503647	0.02173913
0.5	0.240024313	0.25
1	0.75	0.033333333
0.5	0.375	0.25
1	0.46052863	0.0625
0.375	0.307019086	0.025015805
0.375	0.242518235	0.0375
0.375	0.223685753	0.125
1	1	0.033333333
1	0.375	0.019736842
0.375	0.97007294	0.020222182
0.375	0.307019086	0.044117647
0.375	0.194014588	0.0625
0.25	0.125	0.125
1	1	1
1	1	0.039473684
1	1	0.166666667
1	1	0.071428571
1	1	0.034090909
1	1	0.166666667
1	0.98224227	0.111111111
1	0.917648808	0.10349356
1	0.917648808	0.036525758
0.5	0.491121135	0.047619048
0.494852753	0.98224227	0.125
0.5	0.73224227	0.1
1	0.375	0.041666667
1	0.98224227	0.047619048
0.375	0.75	0.05
0.5	0.75	0.019230769
0.375	0.375	0.023809524
0.5	0.305882936	0.1
0.5	0.5	0.0625
0.369852753	0.458824404	0.034090909
0.375	0.458824404	0.049583865
0.375	0.491121135	0.032608696
0.5	0.166666667	0.033951604
0.375	0.245560568	0.0625
1	1	1
1	1	0.090909091
1	1	0.166666667
1	1	0.022058824
1	1	0.035714286
1	1	0.166666667
1	0.5	0.045454545
0.375	0.467969663	0.066666667
1	0.375	0.125
0.375	0.333333333	0.107142857
0.5	0.311979775	0.03
0.5	0.467969663	0.166666667
0.5	0.353211011	0.015957447
1	0.5	0.042936831
1	0.5	0.024220776
0.375	0.311979775	0.041070012
0.375	0.311979775	0.09375
0.375	0.467969663	0.125
1	0.5	0.066666667
0.375	0.5	0.025862069
1	0.375	0.15
0.375	0.311979775	0.027782655
0.375	0.233984832	0.032608696
0.375	0.25	0.0625
1	1	1
1	1	1
1	0.75	0.041666667
0.375	0.375	0.046875
0.375	0.375	0.035714286
0.375	0.75	0.09375
1	1	1
1	1	1
0.75	1	1
0.375	0.75	0.044117647
0.375	0.1875	0.03
0.375	0.15	0.083333333
1	0.75	1
1	1	0.022727273
0.75	0.75	0.027777778
0.375	0.75	0.039473684
0.25	0.375	0.03
0.375	0.75	0.09375
1	1	0.02027027
1	0.75	0.041666667
0.5	0.75	0.027777778
0.75	0.375	0.021428571
0.375	0.375	0.05
0.375	0.75	0.068181818
1	1	1
1	1	0.25
1	1	0.25
1	1	0.125
1	1	0.046875
1	1	0.25
0.5	0.640626283	0.1875
0.5	0.375	0.074728416
0.5	0.553931243	0.035714286
0.375	0.553931243	0.125
0.5	0.276965621	0.041666667
0.375	0.296875428	0.125
1	0.553931243	0.0625
1	0.553931243	0.033333333
0.5	0.375	0.15
0.5	0.25	0.03215725
0.5	0.200982811	0.033497135
0.5	0.267977081	0.092321874
1	0.75	0.083333333
0.5	1	0.035326139
1	0.640626283	0.015732298
0.5	0.5	0.083333333
0.375	0.160156571	0.030773958
0.25	0.213542094	0.110786249
1	1	1
1	1	1
1	1	1
1	1	1
1	0.5	1
1	1	0.5
1	0.75	0.0625
1	0.375	0.125
1	0.375	0.1
0.5	0.75	0.166666667
0.5	0.75	0.079300222
0.5	0.25	0.25
1	0.375	0.071428571
1	0.375	0.5
1	0.375	0.075
0.5	0.375	0.037926193
0.5	0.375	0.05
0.5	0.375	0.15
1	0.75	0.057692308
1	0.5	0.090909091
1	0.375	0.032670138
0.5	0.375	0.025929269
0.5	0.375	0.031353035
0.25	0.1875	0.107142857
1	1	1
1	1	0.166666667
1	1	0.333333333
1	1	0.111111111
1	1	0.034090909
1	1	0.103003453
1	0.618020716	0.077252589
1	0.375	0.090909091
1	0.434010358	0.072131774
0.5	0.618020716	0.0625
0.5	0.309010358	0.0625
0.5	0.217005179	0.1
0.75	0.618020716	0.618020716
0.75	0.25	0.107142857
0.5	0.618020716	0.02872988
0.5	0.375	0.046875
0.375	0.289340239	0.041201381
0.5	0.434010358	0.071428571
1	0.618020716	0.618020716
1	0.75	0.107142857
0.375	0.309010358	0.020241506
0.5	0.25	0.057692308
0.5	0.375	0.034090909
0.375	0.1875	0.077252589
1	0.75	1
0.375	0.75	1
0.375	0.75	0.021428571
0.375	0.375	0.041666667
0.375	0.375	0.041666667
0.375	0.75	0.075
1	1	0.025862069
0.5	0.75	0.03
0.375	0.75	1
0.25	0.375	0.028846154
0.375	0.25	0.053571429
0.375	0.75	0.083333333
1	1	1
1	1	0.044117647
0.75	0.75	0.03125
0.25	0.375	0.041666667
0.25	0.75	0.05
0.375	0.1875	0.107142857
1	1	0.016666667
1	1	1
0.5	0.75	0.022058824
0.5	0.375	0.03125
0.375	0.75	0.057692308
0.25	0.75	0.083333333
1	0.952186733	0.904269454
1	0.952186733	0.452134727
1	0.952186733	0.5
1	0.952186733	0.125
1	0.952186733	0.0625
1	0.952186733	0.075982811
0.5	0.421406508	0.068795707
1	0.25	0.130853891
0.5	0.25	0.019230769
0.5	0.375	0.053571429
0.5	0.236066899	0.0625
0.351093367	0.1875	0.050655207
1	0.236066899	0.057853599
1	0.234062244	0.028943165
0.375	0.184643748	0.021739208
0.375	0.276965621	0.042007015
0.5	0.1875	0.045454545
0.351093367	0.151223595	0.043418749
0.842813017	0.553931243	0.075982811
1	0.351093367	0.030736322
1	0.234062244	0.101310414
0.5	0.15	0.035714286
0.276965621	0.25	0.037364208
0.151965621	0.184643748	0.075982811
1	1	0.071428571
1	1	0.045454545
1	1	0.04575902
1	1	0.020019571
1	1	0.030506013
1	1	0.046002589
1	0.25	0.045454545
1	0.618020716	0.018746883
1	0.375	0.015625031
0.5	0.25	0.024193548
0.5	0.368020716	0.026692762
0.5	0.289340239	0.036802072
1	0.309010358	0.043413078
1	0.25	0.1
1	0.375	0.014898286
1	0.184010358	0.073604143
0.375	0.25	0.032031314
0.434010358	0.217005179	0.030668393
0.75	0.375	0.020712239
1	0.453428316	0.016263703
1	0.5	0.05
0.5	0.368020716	0.25
0.375	0.206006905	0.019230769
0.25	0.1875	0.052574388
1	1	1
1	1	1
1	1	1
1	1	1
1	0.5	0.375
1	0.75	0.5
1	0.25	0.107142857
1	0.358523254	0.125
1	0.239015503	0.111111111
1	0.322348836	0.054251295
0.5	0.241761627	0.15
0.375	0.483523254	0.1
1	0.375	0.014423077
1	0.25	0.0375
1	0.25	0.05
0.5	0.25	0.060982453
0.5	0.375	0.03125
0.25	0.322348836	0.1
1	0.375	0.071428571
0.732935534	0.375	0.018323388
0.375	0.1875	0.25
0.5	0.5	0.02
0.341844898	0.25	0.027777778
0.125	0.5	0.0625
1	1	1
1	1	1
0.75	1	1
0.375	0.25	1
0.375	0.75	0.044117647
0.375	0.25	0.075
1	1	0.022058824
1	1	1
0.75	1	0.034090909
0.375	0.375	0.025862069
0.375	0.25	0.0375
0.25	0.125	0.107142857
1	1	0.035714286
1	1	1
1	0.75	0.035714286
0.375	0.375	0.03
0.375	0.375	0.03125
0.375	0.375	0.107142857
0.75	1	1
1	1	1
0.375	0.75	0.05
0.375	0.375	0.028846154
0.375	0.75	0.046875
0.375	0.166666667	0.068181818
1	1	0.75
1	1	0.75
1	1	0.75
1	1	0.75
1	1	0.75
1	1	0.75
1	0.375	0.083333333
1	0.5	0.0625
0.5	0.75	0.033043225
0.5	0.375	0.107142857
0.5	0.375	0.107142857
0.375	0.25	0.071428571
0.5	0.375	0.035714286
1	0.25	0.046875
0.375	0.75	0.027959652
0.375	0.125	0.05
0.375	0.375	0.02173913
0.364712348	0.375	0.035714286
1	0.25	0.166666667
0.5	0.25	0.012952497
0.5	0.375	0.017517568
0.25	0.25	0.03125
0.375	0.1875	0.025
0.375	0.25	0.03125
1	1	0.75
1	1	0.125
1	1	0.009803922
1	1	0.125
1	1	0.125
1	1	0.083333333
0.5	0.717046508	0.5
1	0.967046508	0.125
0.491467767	0.483523254	0.046961043
0.5	0.5	0.1
0.5	0.5	0.022727273
0.5	0.322348836	0.0625
0.5	0.967046508	0.009250053
1	0.25	0.01718087
0.491467767	0.25	0.012483974
0.375	0.322348836	0.021945378
0.25	0.25	0.020833333
0.5	0.25	0.1
0.5	0.375	0.166666667
0.5	0.483523254	0.008196721
0.5	0.75	0.055555556
0.491467767	0.5	0.018633527
0.375	0.227896599	0.023809524
0.25	0.193409302	0.045454545
1	1	0.025862069
1	1	0.007142857
1	1	0.03
1	1	0.032608696
1	1	0.05
1	1	0.25
1	0.853211011	0.01267971
0.5	0.853211011	0.075
1	0.426605506	0.083333333
0.5	0.853211011	0.019723993
0.5	0.28440367	0.02
0.375	0.28440367	0.025
1	0.426605506	0.25
0.5	0.150802753	0.009389056
0.375	0.853211011	0.016153727
0.375	0.426605506	0.016666667
0.375	0.28440367	0.020833333
0.375	0.28440367	0.045454545
1	0.935939326	0.1
1	0.311979775	0.034962956
0.5	0.426605506	0.014342267
0.375	0.426605506	0.011904762
0.362965784	0.426605506	0.011363636
0.375	0.28440367	0.05
1	0.952186733	0.75
1	0.952186733	0.75
1	0.952186733	0.375
1	0.952186733	0.1875
1	0.952186733	0.25
1	0.952186733	0.083333333
1	0.151965621	0.125
1	0.25	0.059760697
0.75	0.151965621	0.060786249
0.75	0.351093367	0.1
0.5	0.354100349	0.075
0.476093367	0.252039325	0.071428571
0.75	0.351093367	0.033473119
1	0.25	0.05
0.5	0.351093367	0.026785714
1	0.303931243	0.032608696
0.476093367	0.708200697	0.071428571
0.276965621	0.236066899	0.1
1	0.5	0.119565466
0.75	0.25	0.02173913
1	0.303931243	0.039473684
0.5	0.234062244	0.026661858
0.351093367	0.25	0.03913665
0.195313142	0.151965621	0.03125
1	1	1
1	1	1
1	1	0.5
1	1	0.2
1	1	0.09375
1	1	0.073604143
1	0.368020716	0.053852186
1	0.25	0.071428571
1	0.309010358	0.071428571
1	0.368020716	0.017505148
0.5	0.309010358	0.083333333
0.375	0.25	0.083333333
1	0.368020716	0.083333333
1	0.25	0.045454545
1	0.368020716	0.020124605
0.868020716	0.618020716	0.041666667
0.5	0.166666667	0.25
0.5	0.25	0.046002589
1	0.375	0.013416403
1	0.368020716	0.013158396
1	0.476714158	0.015550831
0.5	0.375	0.016129032
0.5	0.166666667	0.035714286
0.309010358	0.226714158	0.083333333
1	1	1
1	1	1
1	1	1
1	1	1
1	0.5	0.375
1	0.75	0.5
1	0.5	0.125
1	0.25	0.100310413
1	0.375	0.125
0.5	0.483523254	0.1
0.5	0.483523254	0.1875
0.375	0.241761627	0.125
0.75	0.5	0.068181818
1	0.375	0.083333333
1	0.25	0.057646705
0.5	0.166666667	0.1
0.5	0.25	0.083333333
0.375	0.375	0.1
0.75	0.375	0.039473684
1	0.25	0.0625
0.5	0.322348836	0.041666667
0.25	0.25	0.045454545
0.25	0.322348836	0.029411765
0.25	0.375	0.083333333
1	1	0.75
1	1	0.75
1	1	0.375
1	1	0.375
1	1	0.375
1	1	0.25
0.5	0.1875	0.071428571
0.5	0.358523254	0.075
0.5	0.166666667	0.083333333
0.25	0.358523254	0.0625
0.5	0.125	0.012870927
0.5	0.25	0.083333333
0.75	0.217046508	0.028849941
1	0.375	0.0625
1	0.155682169	0.083333333
0.375	0.25	0.05
0.375	0.125	0.019510163
0.25	0.125	0.0625
0.982935534	0.358523254	0.013584472
1	0.375	0.010142102
1	0.125	0.018904303
0.5	0.375	0.004217326
0.125	0.166666667	0.013157895
0.125	0.125	0.03125
1	1	0.5
1	1	0.5
1	1	0.5
1	1	0.5
1	1	0.25
1	1	0.5
1	0.342969663	0.038922056
1	0.255849813	0.022727273
1	0.375	0.071428571
1	0.342969663	0.017857143
0.5	0.171484832	0.021171918
0.5	0.299842908	0.020833333
0.868020716	0.342969663	0.010844153
0.975931568	0.083333333	0.035714286
1	0.342969663	0.013888889
0.5	0.342969663	0.028801261
0.375	0.125	0
0.375	0.375	0.03125
0.975931568	0.342969663	0.011802072
0.75	0.301605506	0.011115257
0.975931568	0.059010358	0
0.5	0.125	0.016129032
0.125	0.083333333	0.017857143
0.434010358	0.171484832	0.009078517
1	1	1
1	1	1
1	1	1
1	1	1
1	1	0.5
1	1	0
0.375	0.375	0.107142857
1	0.059010358	0.083333333
0.5	0.364712348	0.083333333
0.489712348	0.364712348	0.040386164
0.5	0.118020716	0.068181818
0.5	0.15	0.035714286
1	0.375	0.019647323
1	0.059010358	0.029078038
1	0.375	0.022727273
0.25	0.125	0.071428571
0.364712348	0.243141565	0.029554982
0.25	0.122673572	0.016860102
0.5	0.364712348	0.046002589
0.5	0.118020716	0.029411765
0.729424695	0.059010358	0.025868334
1	0.364712348	0.015085346
0.059010358	0.243141565	0.026041752
0.125	0.125	0.025
1	1	1
1	1	1
1	1	1
1	1	1
1	1	1
1	1	1
1	1	0.25
1	1	0.285714286
1	0.666666667	0.214285714
1	0.5	0.25
1	0.5	0.25
0.875	0.5	0.1875
1	0.75	0.175
1	0.5	0.375
1	0.666666667	0.115384615
0.875	0.5	0.1
0.75	0.75	0.145833333
0.75	0.5	0.107142857
0.5	0.5	0.145833333
1	0.375	0.097222222
1	0.666666667	0.064814815
0.875	0.5	0.153846154
0.375	0.3	0.0625
0.75	0.75	0.138888889
1	1	1
1	1	1
1	1	1
0.875	1	1
0.875	1	1
0.875	1	1
1	0.666666667	0.078125
1	0.666666667	0.214285714
1	1	0.4
1	0.4	0.096153846
1	0.666666667	0.222222222
1	0.4	0.115384615
1	0.5	0.125
1	0.5	0.0875
1	0.666666667	0.065217391
1	0.666666667	0.06
1	0.666666667	0.109375
1	0.666666667	0.136363636
1	0.375	0.107142857
1	0.125	0.092105263
0.875	0.5	0.109375
0.875	0.25	0.079545455
0.75	0.5	0.107142857
0.375	0.666666667	0.134615385
1	1	1
1	1	1
1	1	1
1	1	1
1	1	1
1	1	0.666666667
1	1	0.35
1	0.666666667	0.21875
1	1	0.291666667
1	0.5	0.125
1	0.5	0.09375
0.875	0.5	0.1875
1	0.5	0.166666667
1	0.75	0.175
0.875	0.666666667	0.375
1	0.5	0.175
0.875	0.5	0.071428571
0.625	0.333333333	0.125
1	0.375	0.046875
1	0.5	0.125
1	0.25	0.05
0.75	0.5	0.055555556
0.375	0.5	0.09375
0.375	0.375	0.1
1	1	0.5
1	1	0.4
1	1	0.4
1	1	0.5
1	1	0.5
1	1	0.666666667
1	1	0.166666667
1	0.983523254	0.2
1	0.655682169	0.13670248
1	0.5	0.25
1	0.5	0.194444444
1	0.4	0.189379517
1	1	0.116666667
1	1	0.166666667
1	0.75	0.083333333
0.875	0.583333333	0.175
0.625	0.4	0.110776707
0.625	0.75	0.178571429
1	0.375	0.06835124
1	0.5	0.083333333
0.75	0.563231351	0.068181818
0.75	0.5	0.145833333
0.625	0.5	0.102941176
0.5	0.75	0.15625
1	1	0.5
1	1	0.5
1	1	0.5
1	1	1
1	1	0.875
1	0.4375	1
1	0.989712348	0.134615385
1	1	0.166666667
1	0.583333333	0.115384615
0.936870131	0.666666667	0.25
1	0.5	0.128650972
1	0.5	0.125
1	0.5	0.125
1	0.875	0.133333333
1	0.875	0.088235294
1	0.659808232	0.181818182
0.875	0.5	0.21875
0.5	0.333333333	0.15625
1	0.5	0.06
1	0.5	0.116666667
0.875	0.75	0.083333333
0.75	0.5	0.375
0.625	0.4375	0.0625
0.625	0.75	0.125
1	0.976093367	0.375
1	0.976093367	0.375
1	0.976093367	0.476067364
1	0.976093367	0.4375
0.827134727	0.488046683	0.194444444
0.875	0.567395578	0.291666667
0.952134727	0.5	0.107142857
0.952134727	0.5	0.375
0.952134727	0.5	0.166666667
0.952134727	0.634756485	0.107142857
0.952134727	0.650728911	0.071428571
0.952134727	0.3125	0.1
0.952134727	0.5	0.625
0.952134727	0.5	0.061269239
1	0.75	0.25
1	0.5	0.122696244
0.702134727	0.375	0.113185549
0.625	0.3	0.25
0.375	0.875	0.375
0.5	0.5	0.109375
0.5	0.75	0.145833333
0.625	0.5	0.136363636
0.5	0.5	0.375
0.5	0.3	0.3
1	1	0.75
1	1	0.75
1	1	0.5
1	1	0.4
1	1	0.142857143
0.875	1	0.214285714
1	1	0.224013167
1	1	0.213370976
1	1	0.2
1	0.666666667	0.106113603
1	0.5	0.21875
0.75	0.4	0.072440625
1	1	0.090029823
1	0.5	0.066576139
1	0.5	0.09725407
1	0.583333333	0.078947368
0.875	0.901965621	0.083333333
0.5	0.901965621	0.172659027
0.875	0.5	0.102941176
0.776965621	0.5	0.1
1	0.776965621	0.063101011
0.776965621	0.583333333	0.083333333
0.526965621	0.601310414	0.086140356
0.526965621	0.35	0.155393124
1	1	0.333333333
1	1	0.333333333
1	1	0.285714286
0.875	1	0.5
1	1	0.4
1	1	0.266860102
1	1	0.15
1	1	0.194444444
1	1	0.078776095
1	0.666666667	0.226161376
1	0.622673572	0.143008592
0.875	0.333333333	0.171002589
1	0.5	0.375
1	1	0.375
1	0.5	0.139752589
1	1	0.051269571
1	0.4	0.117187592
0.625	0.434010358	0.25
1	0.375	0.078355081
1	0.375	0.083333333
1	0.375	0.375
0.75	0.375	0.073190857
0.625	0.539340239	0.17978008
0.559010358	0.285714286	0.125
1	1	0.5
1	1	0.5
1	1	0.5
1	1	0.5
1	1	0.666666667
0.875	1	0.15
1	1	0.257937395
1	0.901965621	0.102941176
1	1	0.222222222
1	0.901965621	0.255037643
1	0.450982811	0.153968697
0.75	0.5	0.104166667
1	0.401965621	0.136718857
1	0.401965621	0.172659027
1	1	0.375
1	0.601310414	0.117647059
0.75	0.601310414	0.064484349
1	0.901965621	0.078125
1	0.375	0.109375
1	0.5	0.375
1	0.5	0.128852232
0.5	0.5	0.081785855
0.75	0.651965621	0.071614225
0.526965621	0.333333333	0.142857143
1	1	0.5
1	1	0.5
1	1	0.5
1	1	1
1	1	0.5
1	0.583333333	1
1	1	0.25
1	1	0.142857143
1	1	0.214285714
1	0.666666667	0.159090909
1	0.5	0.25
1	0.5	0.166666667
1	1	0.115384615
1	1	0.117647059
0.875	0.666666667	0.133333333
1	0.5	0.09375
1	0.5	0.107142857
0.625	0.666666667	0.125
1	0.375	0.125
0.5	0.5	0.105263158
1	0.75	0.075
0.75	0.4	0.060344828
0.375	0.666666667	0.109375
0.375	0.5	0.096153846
1	1	0.5
1	1	0.5
1	1	1
1	1	0.5
0.875	1	1
0.875	1	1
1	1	0.214285714
1	1	0.3
1	0.666666667	0.116666667
1	0.5	0.097222222
1	0.666666667	0.115384615
1	0.35	0.291666667
1	0.5	0.125
1	0.5	0.25
1	0.5	0.083333333
0.875	0.5	0.142857143
0.75	0.333333333	0.083333333
0.625	0.666666667	0.166666667
0.5	0.5	0.0375
1	0.25	0.111111111
0.625	0.75	0.089285714
1	0.5	0.053571429
0.75	0.5	0.083333333
0.625	0.5	0.125
1	1	0.5
1	1	0.5
0.875	1	0.5
1	1	0.5
0.875	1	0.5
1	1	1
1	1	0.166666667
1	1	0.214285714
1	1	0.159090909
1	0.666666667	0.136363636
1	0.666666667	0.194444444
0.875	0.5	0.15
1	1	0.09375
1	1	0.125
1	0.666666667	0.178571429
1	0.4	0.065789474
1	0.5	0.175
0.75	0.5	0.166666667
1	0.5	0.1
1	0.5	0.075
1	0.666666667	0.2
0.75	0.375	0.116666667
0.375	0.5	0.09375
0.625	0.285714286	0.1
1	1	1
1	1	1
1	1	1
1	1	1
1	1	1
1	0.375	1
1	1	0.1
1	1	0.1
0.375	0.5	0.2
0.375	0.25	0.166666667
1	0.2	0.125
0.5	0.25	0.1875
1	1	0.1
1	0.5	0.125
1	1	0.0375
0.5	0.333333333	0.0625
0.5	0.375	0.0375
0.5	0.15	0.075
1	1	0.044117647
0.5	1	0.071428571
0.375	1	0.032608696
0.5	0.25	0.071428571
0.5	0.15	0.057692308
0.25	0.5	0.090909091
1	0.976093367	0.952134727
1	0.976093367	0.375
1	0.976093367	0.4375
1	0.650728911	0.35
1	0.976093367	0.075
1	0.976093367	0.1875
1	0.5	0.375
1	0.851093367	0.375
0.976093367	0.5	0.375
1	0.75	0.078947368
0.875	0.650728911	0.107142857
0.875	0.390437347	0.136363636
1	0.476093367	0.375
1	0.733523254	0.375
0.990347728	0.375	0.375
0.75	0.567395578	0.375
0.875	0.484062244	0.115384615
0.625	0.75	0.3
1	0.375	0.039840463
1	0.625	0.375
1	0.375	0.076097924
0.726093367	0.625	0.375
0.625	0.333333333	0.068181818
0.625	0.25	0.166666667
1	1	0.1875
1	1	0.875
1	0.666666667	0.375
1	0.666666667	0.166666667
0.875	0.666666667	0.15
1	0.5	0.15
1	0.375	0.375
1	0.375	0.25
0.875	0.666666667	0.375
1	0.625	0.159090909
0.875	0.4375	0.09375
0.875	0.5	0.166666667
1	0.489712348	0.375
1	0.475346015	0.0875
1	0.625	0.375
0.75	0.625	0.07
0.875	0.5	0.078947368
0.875	0.75	0.107142857
0.375	0.5	0.375
1	0.75	0.375
1	0.25	0.375
0.75	0.625	0.089920899
0.75	0.75	0.136363636
0.75	0.3	0.188342699
1	0.976093367	0.285714286
1	0.976093367	0.291666667
1	0.976093367	0.07
0.990347728	0.488046683	0.079545455
1	0.976093367	0.145833333
1	0.425546683	0.166666667
1	0.902698872	0.109639697
1	0.472031515	0.1875
1	0.472031515	0.072916667
1	0.650728911	0.083333333
0.952134727	0.629375353	0.125
0.875	0.488046683	0.136363636
1	0.467969663	0.073241133
1	0.5	0.150388132
1	0.375	0.0625
0.875	0.488046683	0.0625
0.625	0.629375353	0.089190015
0.75	0.363046683	0.115384615
1	0.375	0.053363531
0.827134727	0.375	0.048611111
1	0.625	0.055163346
0.5	0.717969663	0.07773017
0.625	0.375	0.088235294
0.625	0.25	0.141217523
1	1	1
1	1	1
1	1	1
1	0.375	1
1	1	1
1	0.375	1
1	0.5	0.25
1	1	0.1
0.375	1	0.057692308
0.375	0.5	0.05
0.5	0.333333333	0.09375
0.375	0.1875	0.083333333
1	1	0.142857143
1	1	0.0625
0.375	1	0.041666667
0.375	0.1875	0.111111111
0.5	0.25	0.041666667
0.5	0.1875	0.075
1	1	0.0234375
0.5	0.5	0.028846154
1	0.25	0.027777778
0.5	0.25	0.026785714
0.375	0.15	0.125
0.25	0.15	0.068181818
1	0.945313142	0.375
1	0.945313142	0.097222222
1	0.945313142	0.375
1	1	0.116666667
1	1	0.35
1	0.666666667	0.118539204
1	0.875	0.375
1	0.820313142	0.102941176
1	0.630208761	0.074564989
1	0.630208761	0.106971253
0.875	0.901965621	0.375
1	0.630208761	0.172659027
1	0.875	0.375
1	0.875	0.06290848
0.991467767	0.875	0.059225817
1	0.875	0.136363636
0.776965621	0.4	0.21875
0.651965621	0.315104381	0.178571429
1	0.375	0.375
1	0.401965621	0.061454897
0.5	0.5	0.064814815
0.75	0.572348836	0.057692308
0.526965621	0.401965621	0.075
0.625	0.25	0.25898854
1	1	0.227012744
1	1	0.115384615
0.875	1	0.09375
1	1	0.088235294
1	0.666666667	0.077048606
0.875	0.5	0.5
1	1	0.113506372
1	0.989712348	0.159090909
1	0.875	0.1
1	0.934010358	0.059822816
1	0.494856174	0.117187592
0.875	0.934010358	0.17978008
1	1	0.062564483
1	0.434010358	0.077048606
1	0.989712348	0.060344828
1	0.809010358	0.078654725
0.684010358	0.622673572	0.1
0.936870131	0.494856174	0.15625
1	0.375	0.083333333
1	0.5	0.065898365
1	0.309010358	0.058333333
0.850346015	0.809010358	0.116666667
0.625	0.684010358	0.117187592
0.625	0.684010358	0.178571429
1	0.976093367	0.074269596
1	0.976093367	0.375
1	0.976093367	0.116666667
0.952134727	0.976093367	0.073996726
1	0.976093367	0.118539204
1	0.567395578	0.214285714
0.952134727	0.875	0.093908033
0.952134727	0.5	0.094900039
1	0.650728911	0.35
1	0.488046683	0.092293238
0.952134727	0.585372659	0.375
0.952134727	0.390437347	0.255037643
1	0.452134727	0.05950842
0.952134727	0.452134727	0.051797708
1	0.827134727	0.122529757
0.952134727	0.567395578	0.375
1	0.585372659	0.138888889
0.729100349	0.3125	0.113636364
1	0.726093367	0.085410035
0.452134727	0.452134727	0.059766586
0.327134727	0.776965621	0.077696562
0.729100349	0.827134727	0.065217391
0.651965621	0.585372659	0.375
0.651965621	0.401965621	0.25
1	1	1
1	1	1
1	1	1
1	1	1
1	0.375	1
1	0.375	1
1	1	0.071428571
1	0.5	0.1
1	1	0.142857143
0.5	0.25	0.125
0.5	0.25	0.05
0.5	0.25	0.083333333
1	1	0.083333333
1	1	0.111111111
0.375	0.375	0.142857143
0.375	0.5	0.034090909
0.375	0.333333333	0.1
0.5	0.1875	0.075
1	1	0.046875
1	1	0.058823529
0.5	1	0.0375
0.5	0.375	0.053571429
0.5	0.25	0.046875
0.375	0.1875	0.090909091
1	1	0.5
1	1	0.5
1	1	0.5
0.991467767	1	0.5
1	1	0.5
0.991467767	0.583333333	1
1	1	0.174977814
1	0.666666667	0.178571429
1	0.983523254	0.21875
0.875	0.5	0.136363636
0.875	0.5	0.109375
0.875	0.396587107	0.25
1	1	0.068273236
0.991467767	1	0.178571429
1	1	0.166666667
1	0.666666667	0.086646777
0.75	0.5	0.125
0.875	0.495733883	0.1875
1	0.5	0.062233582
1	0.5	0.153846154
1	0.655682169	0.047977817
0.75	0.5	0.081433985
0.375	0.5	0.159090909
0.625	0.75	0.1875
1	1	0.5
1	1	0.5
1	1	0.5
1	1	0.5
0.875	0.583333333	0.666666667
1	0.5	1
1	0.5	0.166666667
0.875	0.75	0.166666667
1	0.75	0.25
1	0.75	0.134615385
0.875	0.549842908	0.188290031
0.875	0.798789299	0.175
1	0.5	0.202768359
1	0.5	0.098262766
1	0.5	0.0875
1	0.583333333	0.129062622
0.875	0.5	0.083333333
0.75	0.53440367	0.15625
0.5	0.5	0.083333333
0.5	0.5	0.065217391
0.5	0.75	0.051724138
0.875	0.5	0.07702774
0.75	0.5	0.115384615
0.75	0.5	0.136363636
1	1	0.5
1	1	0.5
1	1	0.4
1	1	1
1	1	0.5
0.875	0.583333333	0.35
0.989712348	0.666666667	0.214285714
1	0.989712348	0.15
1	0.875	0.179722815
1	0.5	0.21875
0.875	0.5	0.25
1	0.5	0.1875
1	1	0.109375
1	1	0.081688669
1	0.583333333	0.108249351
0.875	0.666666667	0.175
0.75	0.5	0.088235294
0.75	0.666666667	0.3
0.989712348	0.375	0.09375
1	0.375	0.075326811
1	0.75	0.064814815
1	0.75	0.068181818
0.75	0.5	0.194444444
0.625	0.375	0.214285714
0.5	0.5	0.5
0.5	0.5	0.5
0.5	0.875	0.5
0.5	0.875	0.5
0.5	0.875	0.5
0.5	0.820313142	0.5
0.5	0.5	0.166666667
0.5	0.5	0.178571429
0.5	0.5	0.3125
0.75	0.875	0.291666667
0.75	0.583333333	0.208333333
0.75	0.820313142	0.375
0.5	0.75	0.375
0.5	0.5	0.138888889
0.5	0.75	0.134615385
0.5	0.4375	0.291666667
0.75	0.583333333	0.35
0.75	0.445313142	0.178571429
0.375	0.5	0.071428571
0.5	0.5	0.102941176
0.75	0.5	0.375
0.75	0.583333333	0.375
0.75	0.5	0.134050269
0.651965621	0.375	0.208333333
0.5	0.5	0.5
0.5	0.5	0.5
0.5	0.5	0.75
0.5	0.5	0.75
0.5	0.5	0.1875
0.5	0.5	0.166666667
0.5	0.5	0.155393124
0.5	0.5	0.136363636
0.5	0.5	0.0625
0.5	0.517977081	0.178022586
0.75	0.35	0.375
0.776965621	0.4375	0.228003453
0.5	0.5	0.375
0.5	0.434010358	0.127732359
0.5	0.5	0.13483506
0.776965621	0.434010358	0.375
0.75	0.434010358	0.091201381
0.75	0.388482811	0.161802072
0.5	0.5	0.375
0.5	0.5	0.111877823
0.5	0.5	0.375
0.776965621	0.517977081	0.082783505
0.75	0.388482811	0.095177689
0.5	0.517977081	0.152002302
1	1	1
1	1	0.666666667
1	1	0.5
1	1	0.044642857
1	1	0.100302403
0.875	1	0.162991405
1	0.445313142	0.15
1	0.445313142	0.197802873
1	0.445313142	0.058823529
1	0.722278763	0.116666667
1	0.361139382	0.1
0.875	0.375	0.194241405
1	0.445313142	0.375
1	0.445313142	0.102165233
1	0.445313142	0.375
0.875	0.517977081	0.089412652
0.640626283	0.445313142	0.108660937
0.526965621	0.361139382	0.100302403
0.5	0.5	0.068965517
1	0.445313142	0.053583836
1	0.445313142	0.115489208
0.776965621	0.517977081	0.075280803
0.625	0.526965621	0.194241405
0.5	0.722278763	0.1
1	1	0.333333333
1	1	0.4
1	1	0.5
1	1	0.5
1	1	0.194444444
0.875	1	0.136363636
1	0.945313142	0.223632007
1	1	0.097222222
1	0.945313142	0.096153846
1	0.901965621	0.078947368
1	0.472656571	0.145833333
1	0.901965621	0.1
1	0.5	0.1
1	0.5	0.081459334
1	0.5	0.133333333
1	0.4375	0.153846154
1	0.901965621	0.375
1	0.291666667	0.138888889
1	0.25	0.166666667
1	0.5	0.0625
0.875	0.901965621	0.128852232
0.625	0.630208761	0.1
0.625	0.35	0.109990803
0.651965621	0.601310414	0.113636364
1	0.5	0.4
1	0.5	0.4
1	0.5	0.4
0.875	0.75	0.153846154
0.820313142	0.260786249	0.119533173
1	0.388482811	0.115384615
1	0.5	0.103693298
1	0.5	0.073383434
1	0.875	0.173828285
1	0.583333333	0.263975333
0.776965621	0.375	0.175
1	0.3	0.166666667
0.945313142	0.5	0.166666667
1	0.75	0.125
0.75	0.875	0.15
0.75	0.4375	0.048115218
0.776965621	0.517977081	0.15
0.625	0.35	0.130393124
0.5	0.5	0.115885524
0.820313142	0.75	0.1
0.75	0.5	0.070633238
0.625	0.583333333	0.053571429
0.75	0.601310414	0.083333333
0.625	0.388482811	0.125
1	1	0.5
1	1	0.5
1	1	0.666666667
1	1	0.5
1	1	0.4
0.875	1	0.1875
1	0.622673572	0.259195716
1	0.666666667	0.35
0.875	0.934010358	0.107142857
1	0.934010358	0.285714286
0.875	0.622673572	0.165100178
1	0.4	0.138888889
1	0.5	0.375
1	1	0.072716396
1	0.934010358	0.060462012
0.75	0.622673572	0.25
0.875	0.622673572	0.075
1	0.934010358	0.115885524
0.5	0.434010358	0.142857143
1	0.434010358	0.375
1	0.75	0.375
1	0.75	0.060763936
0.625	0.622673572	0.111802072
0.75	0.4	0.113636364
1	1	1
1	1	1
1	1	1
1	1	1
1	1	1
1	1	1
1	0.5	0.125
1	1	0.285714286
1	0.666666667	0.222222222
1	0.5	0.145833333
1	0.4	0.194444444
1	0.4375	0.175
1	0.5	0.125
1	0.5	0.15
1	0.5	0.125
1	0.5	0.145833333
0.875	0.4	0.134615385
0.75	0.35	0.136363636
0.5	0.75	0.064814815
1	0.375	0.116666667
1	0.5	0.079545455
0.75	0.5	0.375
0.625	0.4	0.065217391
0.5	0.333333333	0.125
1	1	1
1	1	1
1	1	1
1	0.583333333	1
1	0.583333333	1
0.875	0.375	1
1	0.5	0.333333333
1	0.5	0.222222222
1	0.666666667	0.3
1	0.4375	0.285714286
1	0.583333333	0.159090909
0.875	0.5	0.115384615
1	0.5	0.375
1	0.5	0.097222222
1	0.5	0.065217391
0.75	0.75	0.134615385
0.875	0.5	0.115384615
0.625	0.75	0.1875
0.375	0.5	0.375
1	0.625	0.046875
1	0.5	0.375
0.625	0.75	0.0625
0.625	0.375	0.078947368
0.625	0.75	0.175
1	1	1
1	1	1
1	1	1
1	1	1
1	1	1
0.875	0.583333333	1
1	1	0.142857143
1	1	0.25
1	0.666666667	0.25
1	0.5	0.125
0.875	0.4375	0.159090909
1	0.35	0.125
1	0.5	0.115384615
1	0.5	0.166666667
1	0.75	0.092105263
1	0.5	0.109375
0.875	0.5	0.1
1	0.4	0.175
1	0.375	0.072916667
1	0.75	0.125
1	0.625	0.083333333
0.625	0.5	0.055555556
0.75	0.666666667	0.102941176
0.625	0.4	0.35
1	1	1
1	1	1
1	1	0.666666667
0.991467767	1	0.125
0.875	0.660978511	0.125
1	0.660978511	0.375
1	0.625	0.109988168
1	0.5	0.208850872
0.991467767	0.655682169	0.15
0.875	0.666666667	0.093067412
0.875	0.491761627	0.109375
0.875	0.4	0.15
1	0.358523254	0.21875
1	0.591844898	0.117647059
1	0.625	0.06
0.991467767	0.5	0.141638252
0.875	0.4	0.107142857
0.625	0.4	0.178571429
0.5	0.358523254	0.133333333
1	0.375	0.050129872
0.938231351	0.625	0.068600249
0.625	0.3125	0.096153846
0.616467767	0.416666667	0.089285714
0.625	0.375	0.125
1	0.976093367	0.875
1	0.976093367	0.875
0.875	0.976093367	0.0625
0.952134727	0.650728911	0.116666667
1	0.650728911	0.097222222
1	0.650728911	0.194444444
1	0.851093367	0.120943451
1	0.5	0.35
0.952134727	0.851093367	0.0625
0.875	0.634756485	0.05
0.875	0.488046683	0.088235294
0.875	0.551423151	0.125
1	0.452134727	0.3
1	0.452134727	0.071428571
0.875	0.625	0.051470588
1	0.3125	0.079545455
0.75	0.476067364	0.0625
0.875	0.278883819	0.166666667
0.875	0.702134727	0.125
0.990347728	0.375	0.15625
0.875	0.484062244	0.03
0.75	0.400728911	0.052083333
0.5	0.300546683	0.078947368
0.625	0.280853891	0.166666667
1	1	0.2
1	1	0.2
1	1	0.0875
0.875	1	0.222222222
0.875	1	0.125
1	1	0.175
1	0.949221522	0.321285178
1	0.976714158	0.159090909
0.875	0.651142772	0.079545455
1	0.651142772	0.117647059
1	0.5	0.107142857
1	0.976714158	0.159090909
0.875	0.5	0.051470588
0.875	0.976714158	0.166666667
1	0.625	0.07
1	0.625	0.134615385
0.75	0.375	0.078947368
0.5	0.625	0.104166667
0.5	0.5	0.194444444
0.875	0.375	0.134615385
0.875	0.625	0.041666667
1	0.488357079	0.067307692
0.5	0.583333333	0.1
0.5	0.25	0.111111111
1	0.875	0.5
1	0.583333333	0.104166667
1	0.875	0.4375
1	0.875	0.4375
1	0.5	0.088235294
1	0.333333333	0.1875
1	0.375	0.109375
0.875	0.75	0.125
1	0.75	0.097222222
0.875	0.416666667	0.1875
0.875	0.583333333	0.05
0.875	0.285714286	0.096153846
1	0.5	0.072916667
0.98503647	0.375	0.194444444
1	0.583333333	0.057692308
1	0.5	0.073529412
1	0.375	0.083333333
0.625	0.334211452	0.166666667
0.5	0.75	0.375
1	0.375	0.040835359
0.375	0.375	0.052509585
0.75	0.5	0.05952381
0.375	0.733523254	0.06168599
0.5	0.2	0.178571429
0.994852753	0.647297413	1
0.994852753	0.647297413	1
0.994852753	0.42297306	0.5
0.994852753	0.42297306	0.416666667
0.994852753	0.42297306	0.052083333
0.994852753	0.338378448	0.214285714
1	0.388378448	0.291666667
0.869852753	0.480630746	0.198970551
1	0.785959131	0.375
0.994852753	0.46465832	0.375
0.875	0.53994518	0.113636364
0.75	0.53994518	0.208333333
1	0.375	0.375
1	0.910959131	0.285714286
1	0.523972754	0.046296296
0.869852753	0.53994518	0.044642857
0.75	0.476093367	0.05952381
0.625	0.484062244	0.113636364
1	0.375	0.070093639
0.75	0.312247567	0.375
0.72094612	0.702134727	0.058307707
0.5	0.25	0.041666667
0.625	0.394170467	0.0625
0.5	0.372426376	0.214285714
1	0.875	1
1	0.875	1
1	0.875	0.375
1	0.875	0.375
0.875	0.583333333	0.078125
1	0.5	0.178571429
1	0.875	0.065217391
1	0.375	0.333333333
1	0.5	0.75
1	0.4375	0.052083333
1	0.666666667	0.073529412
1	0.35	0.15625
1	0.375	0.136255988
1	0.427372457	0.056818182
0.875	0.583333333	0.044117647
1	0.5	0.625
0.625	0.375	0.0625
0.75	0.5	0.115384615
1	0.375	0.050013016
0.875	0.25	0.059104319
1	0.25	0.035714286
0.5	0.726714158	0.09375
0.5	0.5	0.089285714
0.625	0.25	0.208333333
1	1	0.072916667
1	1	0.017241379
1	1	0.048387097
0.875	1	0.0625
1	1	0.107142857
1	1	0.138888889
1	0.967969663	0.25
0.75	0.5	0.03125
1	0.463302753	0.048387097
1	0.645313109	0.057692308
1	0.583333333	0.089285714
0.625	0.451070337	0.076923077
1	0.342969663	0.036585366
1	0.625	0.048783624
0.875	0.5325262	0.096153846
0.875	0.333333333	0.089285714
0.5	0.478646442	0.045454545
0.75	0.400802753	0.138888889
1	0.25	0.024390244
1	0.25	0.039473684
1	0.322348836	0.033783784
0.375	0.375	0.048076923
0.375	0.307418428	0.054300467
0.25	0.466509574	0.170658611
1	0.976093367	1
1	0.976093367	0.0875
1	0.650728911	0.05
1	0.976093367	0.065217391
1	0.650728911	0.088235294
1	0.650728911	0.1
0.875	0.92010439	0.272038493
1	0.702134727	0.083620623
1	0.488046683	0.05203529
0.75	0.652698872	0.071428571
1	0.425546683	0.06
0.875	0.425546683	0.2
0.875	0.351093367	0.25
0.875	0.426605506	0.0875
0.75	0.484062244	0.044642857
1	0.26951572	0.054347826
0.75	0.290437347	0.115384615
0.625	0.25	0.090909091
0.952134727	0.452134727	0.060606061
0.952134727	0.423789299	0.25
0.952134727	0.375	0.25
0.625	0.484062244	0.05
0.577134727	0.2	0.064126081
0.423789299	0.551605506	0.111111111
1	1	0.875
1	1	0.583333333
1	1	0.0875
0.875	1	0.333333333
1	1	0.25
0.875	1	0.208333333
1	0.98503647	0.01754386
0.976714158	0.25	0.078125
1	0.534914971	0.138888889
0.875	0.390685663	0.05
0.875	0.666666667	0.045454545
0.75	0.625	0.125
1	0.25	0.070851773
1	0.824221522	0.21875
0.75	0.3125	0.126953813
1	0.333333333	0.048076923
0.625	0.4375	0.047619048
0.5	0.490024313	0.1
0.851714158	0.699221522	0.082580639
0.802372457	0.125	0.5
0.875	0.61003647	0.045957907
0.48503647	0.61003647	0.25
0.75	0.333333333	0.06020344
0.375	0.25	0.125
0.875	1	0.029681952
1	1	0.025091993
0.983523254	0.901965621	0.035473552
0.938231351	1	0.061995955
0.858523254	1	0.054347826
0.983523254	1	0.0625
0.875	0.695313142	0.045454545
1	0.666666667	0.115529036
1	0.651965621	0.032736119
0.841844898	0.351310414	0.041531574
1	0.388482811	0.078947368
0.858523254	0.820313142	0.094841195
0.991467767	0.151965621	0.037037037
0.875	0.151965621	0.051943416
0.875	0.401965621	0.070847979
0.813231351	0.33006438	0.050187202
1	0.267977081	0.083333333
0.608523254	0.267977081	0.063616163
0.945313142	0.195313142	0.096153846
0.875	0.25	0.039652516
0.966844898	0.25	0.05952381
1	0.450754921	0.062140156
0.526965621	0.25	0.090909091
0.375	0.222656571	0.117103471
1	0.452134727	0.066170778
1	0.25	0.055142315
1	0.333333333	0.048609596
1	0.583949351	0.075194066
1	0.634756485	0.15625
0.875	0.53440367	0.15625
0.875	0.5	0.040348035
1	0.5	0.029255614
0.75	0.25	0.064720829
1	0.25	0.125
0.851093367	0.5	0.096213888
0.726093367	0.19158812	0.125
0.875	0.625	0.103092983
0.94011209	0.5	0.034434778
0.875	0.502493488	0.035714286
0.875	0.25	0.082447818
0.524882666	0.229030144	0.1
0.625	0.3125	0.108600935
0.987965784	0.375	0.036954459
0.737965784	0.625	0.066869974
0.625	0.468089818	0.080729443
0.375	0.327134727	0.038461538
0.375	0.3125	0.25
0.375	0.25	0.083333333
1	1	0.166666667
1	1	0.15
1	1	0.3
1	1	0.375
1	1	0.25
1	1	0.096446746
1	0.684010358	0.166666667
1	0.937242787	0.125
1	0.25	0.25
0.875	0.446031219	0.079187514
1	0.375	0.1875
1	0.567809439	0.125
0.934010358	0.651142772	0.041441215
1	0.25	0.375
1	0.5	0.040322581
0.875	0.684010358	0.0625
0.75	0.456006905	0.1875
0.434010358	0.375	0.166666667
1	0.476714158	0.036971907
1	0.25	0.046170867
0.726714158	0.5	0.036115002
0.559010358	0.125	0.032144691
0.375	0.416666667	0.032986159
0.625	0.309010358	0.107142857
1	1	1
1	0.375	1
1	0.375	1
1	0.375	0.053571429
1	0.375	0.083333333
1	0.375	0.1875
1	0.75	0.125
1	0.75	0.113447979
1	0.25	0.25
0.5	0.36003647	0.25
0.5	0.36003647	0.0625
0.5	0.302372457	0.107142857
1	0.97007294	0.75
1	0.48503647	0.75
1	0.48503647	0.5
0.5	0.427372457	0.041666667
0.5	0.25	0.035714286
0.5	0.5	0.125
0.75	0.48503647	0.75
1	0.97007294	0.05
1	0.375	0.026315789
0.375	0.307019086	0.027777778
0.5	0.5	0.046875
0.375	0.223685753	0.083333333
1	1	0.333333333
0.875	1	0.333333333
0.875	1	0.25
0.875	1	0.25
1	1	0.2
0.625	0.820313142	0.2
1	0.467661945	0.078503054
1	0.347656571	0.057692308
0.983523254	0.597870706	0.065419212
0.625	0.395313109	0.041666667
0.866467767	0.276965621	0.048268516
1	0.260786249	0.0625
0.991467767	0.371918647	0.25
0.858523254	0.494935285	0.049716331
0.983523254	0.351310414	0.039473684
0.820313142	0.15025164	0.25
0.563231351	0.208820901	0.107142857
0.25	0.25	0.076724633
0.75	0.25	0.25
0.983523254	0.276965621	0.062131433
0.438231351	0.325754921	0.106605837
0.625	0.151965621	0.05
0.695313142	0.1875	0.059730514
0.375	0.351310414	0.061547916
1	1	1
1	1	0.0875
1	0.875	0.092105263
1	1	0.035752716
0.875	0.567395578	0.044618068
1	0.567395578	0.083333333
0.952134727	0.25	0.0546875
1	0.25	0.125
0.827134727	0.25	0.075120383
1	0.25	0.030210008
0.875	0.25	0.25
0.25	0.333333333	0.1
1	0.25	0.020712137
1	0.25	0.064099832
1	0.1875	0.111111111
0.702134727	0.1875	0.088235294
0.5	0.125	0.042760138
0.25	0.25	0.125
0.226093367	0.125	0.064773445
0.673789299	0.468089818	0.25
0.5	0.25	0.060275154
0.577134727	0.1875	0.029067204
0.25	0.21189465	0.057692308
0.375	0.125	0.107142857
1	1	0.875
1	1	0.875
1	0.75	0.583333333
0.75	0.539340239	0.25
0.875	0.809010358	0.1
0.875	0.809010358	0.125
1	0.544046828	0.055004317
0.875	0.794046828	0.142857143
1	0.559010358	0.166666667
0.75	0.375	0.034938147
1	0.456006905	0.125
0.875	0.291666667	0.083333333
1	0.416666667	0.037595446
1	0.25	0.08167664
0.875	0.309010358	0.25
1	0.333333333	0.071428571
0.25	0.372673572	0.03
0.375	0.305018235	0.0625
0.75	0.75	0.033917714
0.875	0.25	0.25
0.687242787	0.375	0.125
0.375	0.166666667	0.25
0.5	0.333333333	0.045625051
0.375	0.186336786	0.083333333
1	0.375	1
1	0.375	1
1	0.375	0.75
1	0.375	0.375
1	0.75	0.0375
1	0.75	0.107142857
1	0.98224227	0.0625
1	0.375	0.15
1	0.75	0.044117647
0.494852753	0.25	0.107142857
0.5	0.25	0.0625
0.5	0.166666667	0.107142857
1	0.75	0.107142857
1	0.491121135	0.084676549
0.375	0.333824404	0.028172592
0.375	0.366121135	0.053571429
0.494852753	0.5	0.039473684
0.5	0.25	0.1875
0.989705506	0.98224227	0.047128834
0.494852753	0.491121135	0.03106399
1	0.458824404	0.025862069
0.5	0.333824404	0.068181818
0.5	0.25	0.039473684
0.375	0.25	0.125
1	0.967969663	0.375
1	0.967969663	0.173913665
0.966844898	0.967969663	0.25
0.966844898	0.967969663	0.071428571
0.858523254	0.967969663	0.035768516
1	0.967969663	0.055393124
1	0.608595947	0.090909091
1	0.296875428	0.060017374
1	0.378154526	0.047101518
1	0.202620829	0.107142857
0.721489038	0.151965621	0.042610096
0.875	0.376832284	0.09375
1	0.151965621	0.101486213
0.926605506	0.597278763	0.125
0.875	0.151965621	0.045323374
0.987965784	0.151965621	0.078933721
0.401965621	0.151965621	0.125
0.483523254	0.302051081	0.036518325
1	0.151965621	0.05801567
0.590196973	0.151965621	0.056832279
0.5	0.231519175	0.059200291
0.222278763	0.276965621	0.054084542
0.151965621	0.203571127	0.088514932
0.258544493	0.176360271	0.050357386
1	1	0.054687543
1	1	0.05657332
0.952134727	1	0.051269571
1	1	0.040892927
0.875	0.666666667	0.078125
0.75	0.75	0.071428571
1	0.184010358	0.052923428
0.75	0.184010358	0.035241385
1	0.535103725	0.045454545
0.875	0.535103725	0.075829431
1	0.418354615	0.13674394
0.601093367	0.217470024	0.083333333
0.934010358	0.355854615	0.09375
0.875	0.535103725	0.052083333
1	0.273604143	0.04597692
1	0.28440367	0.075628984
0.25	0.287187865	0.109871617
0.5	0.278903077	0.083333333
0.827134727	0.356735816	0.125
1	0.434010358	0.154505179
1	0.309010358	0.026348289
0.75	0.289340239	0.051900738
0.125	0.305307932	0.051947539
0.375	0.279505179	0.083333333
1	1	0.39035242
1	1	0.71052863
1	1	0.71052863
1	1	0.125
1	1	0.125
1	0.875	0.083333333
1	0.151965621	0.117105726
0.887002091	0.125	0.110915722
1	0.151965621	0.090081328
0.904086615	0.236382815	0.080029503
1	0.246453323	0.09375
0.687242787	0.351310414	0.13398854
0.851714158	0.526965621	0.066243143
0.61003647	0.285156571	0.125
0.779086615	0.151965621	0.047101518
0.75	0.151965621	0.058823529
0.36003647	0.272139845	0.053571429
0.375	0.380208761	0.035714286
0.949221522	0.276965621	0.0492034
1	0.206006905	0.166666667
0.699221522	0.213542094	0.063616163
0.5	0.223685753	0.046153351
0.445313142	0.285156571	0.125
0.184010358	0.16798799	0.05
1	0.375	1
1	0.375	1
1	0.375	1
1	0.375	1
1	0.375	0.75
1	0.375	0.107142857
1	0.935939326	0.1
1	0.935939326	0.107142857
1	0.685939326	0.1875
0.375	0.342969663	0.25
0.5	0.5	0.1875
0.5	0.685939326	0.107142857
1	0.935939326	0.081327631
1	0.342969663	0.083333333
0.375	0.5	0.068181818
0.375	0.25	0.1875
0.5	0.342969663	0.25
0.375	0.342969663	0.083333333
1	0.935939326	0.048395438
1	1	0.03125
1	0.853211011	0.75
0.375	0.467969663	0.057692308
0.375	0.375	0.039473684
0.375	0.5	0.09375
1	1	0.045454545
0.875	1	0.035714286
1	1	0.029411765
0.983523254	1	0.052792685
1	1	0.067619439
0.983523254	1	0.055555556
1	0.828571127	0.080487612
0.875	0.842969663	0.096153846
0.75	0.494935285	0.049716331
1	0.352051081	0.084437025
0.625	0.526965621	0.061433471
0.875	0.41329019	0.09356769
1	0.597870706	0.059038142
1	0.570294601	0.06093118
0.445313142	0.328571127	0.029712703
0.491467767	0.110786249	0.04558253
0.625	0.151965621	0.080393124
0.151965621	0.247974114	0.042610096
0.625	0.176605506	0.066351776
0.820313142	0.213542094	0.125
0.695313142	0.428836396	0.041666667
0.341844898	0.166666667	0.050655207
0.125	0.026965621	0.068181818
0.151965621	0.125	0.043418749
1	1	0.013179165
1	1	0.014678259
1	1	0.034074499
1	1	0.018930277
1	1	0.044117647
0.75	0.75	0.09375
1	0.629375353	0.016633644
0.875	0.625	0.03377161
0.625	0.163174718	0.024015367
1	0.425546683	0.022727273
0.75	0.4375	0.045760707
0.5	0.421484832	0.075
1	0.460052195	0.036792989
0.75	0.166666667	0.018904938
0.875	0.287187865	0.026315789
0.875	0.409531515	0.022325248
0.625	0.205134189	0.046307352
0.5	0.375	0.068181818
0.75	0.5	0.023849049
0.5	0.25	0.025077603
0.875	0.1875	0.021490952
0.362965784	0.395313109	0.075
0.125	0.25	0.031764182
0.125	0.1875	0.055555556
1	1	0.625
1	1	0.625
1	1	0.125
1	1	0.416666667
1	1	0.05
1	0.875	0.124002959
1	0.583333333	0.125
1	0.519538987	0.052193154
1	0.309010358	0.1875
1	0.573357647	0.125
0.75	0.290685663	0.068509714
1	0.273604143	0.068181818
0.875	0.125	0.03289546
1	0.309010358	0.041575253
0.875	0.309010358	0.075
1	0.416666667	0.375
0.476714158	0.166666667	0.029119377
0.184010358	0.173604143	0.083333333
0.684010358	0.309010358	0.170948983
0.875	0.25	0.04139457
0.544046828	0.184010358	0.083333333
0.601714158	0.122673572	0.0625
0.375	0.123604143	0.038722882
0.184010358	0.166666667	0.09375
1	1	0.024509804
1	1	0.042664653
0.875	1	0.022058824
1	1	0.025862069
0.875	1	0.079640685
1	1	0.09923004
1	0.622673572	0.05
1	0.333333333	0.035135596
0.625	0.395313109	0.124002959
0.875	0.684010358	0.15625
0.875	0.684010358	0.062874225
1	0.338302753	0.111111111
0.875	0.463302753	0.022797152
1	0.667533612	0.025658842
0.684010358	0.372673572	0.026785714
0.5	0.309010358	0.034564433
0.434010358	0.35	0.047619048
0.184010358	0.4375	0.068668968
1	0.309010358	0.027027027
0.75	0.25	0.032566745
0.559010358	0.434010358	0.124224524
0.25	0.289340239	0.075628984
0.309010358	0.372673572	0.052389781
0.184010358	0.123604143	0.06200148
1	0.976093367	0.026843476
0.875	0.976093367	0.023085389
0.875	0.976093367	0.030142315
0.875	0.976093367	0.083333333
1	0.976093367	0.05
0.875	0.650728911	0.096446746
0.987965784	0.467969663	0.018522083
1	0.434010358	0.125
1	0.585382259	0.111881405
1	0.25	0.031317077
1	0.184010358	0.037683899
1	0.467969663	0.066770824
1	0.606735816	0.031807389
0.952134727	0.539340239	0.020459703
0.875	0.330051862	0.043478261
0.625	0.5	0.068668968
0.434010358	0.154505179	0.07233506
0.5	0.186336786	0.124002959
0.987965784	0.351093367	0.037331571
1	0.125	0.032979127
0.5	0.25	0.090889871
0.577134727	0.267551862	0.039455487
0.25	0.289340239	0.043401036
0.375	0.242031122	0.053571429
1	1	0.375
1	1	0.333333333
1	1	0.25
1	1	0.3125
1	1	0.071289143
1	1	0.107142857
1	0.976714158	0.208333333
1	0.434010358	0.030016481
0.875	0.125	0.027820153
0.875	0.125	0.083333333
1	0.362697885	0.058238753
1	0.480264315	0.083333333
0.75	0.125	0.125
0.98503647	0.125	0.034132544
0.75	0.684010358	0.02277378
0.625	0.333333333	0.088288674
0.5	0.660724516	0.038722882
0.309010358	0.223604143	0.107142857
1	0.25	0.023944943
0.875	0.375	0.018176047
1	0.279364552	0.027456784
0.625	0.220241505	0.057031314
0.184010358	0.434010358	0.1
0.309010358	0.173604143	0.077252589
1	1	0.375
1	1	0.375
0.875	1	0.375
1	1	0.25
1	1	0.045353781
1	1	0.033770138
1	0.059010358	0.105978416
1	0.585733838	0.09375
0.875	0.184010358	0.05
1	0.059010358	0.054347939
0.75	0.251441167	0.049278945
0.576492917	0.184643748	0.010729156
0.875	0.059010358	0.067540136
1	0.513385002	0.046179091
1	0.122241709	0.06188174
0.5	0.25	0.047322556
0.862965784	0.287382181	0.020711794
0.059010358	0.134390392	0.045454545
0.901965621	0.526965621	0.053277449
0.875	0.296875428	0
1	0.059010358	0.047526095
0.465196973	0.417533612	0.081473306
0.25	0.169549	0.036241681
0.151965621	0.074425393	0.052574388
1	1	0.030529071
0.875	1	0.024481358
1	1	0.028544871
1	1	0.027159353
1	1	0.030849447
0.875	0.875	0.027801469
1	0.401980021	0.034466248
1	0.383176241	0.02786892
1	0.383176241	0.023403028
0.625	0.317395578	0.030902865
0.842969663	0.400428864	0.027777778
0.875	0.398488071	0.040891191
1	0.515379673	0.027813936
0.75	0.383176241	0.028600096
0.875	0.333333333	0.028702282
0.987965784	0.184010358	0.0282665
0.625	0.184010358	0.047784411
0.25	0.154505179	0.034928293
0.625	0.083333333	0.040349372
0.940100511	0.125	0.044981442
0.671976142	0.125	0.02099134
0.434010358	0.166666667	0.021648277
0.309010358	0.184010358	0.023951166
0.226093367	0.059010358	0.045454545
1	1	0.75
1	1	0.5
1	1	0.5
1	1	0.3
0.875	1	0.037623642
1	0.875	0.029505179
1	0.534914971	0.068017702
0.75	0	0.25
0.875	0.206006905	0.048017702
1	0.434010358	0.166666667
0.875	0.309010358	0.026692762
1	0.307815595	0.055555556
0.875	0.25	0.083333333
0.73503647	0.294014588	0.033068625
0.875	0.308304394	0.021876917
0.875	0.3125	0.033907355
0.36003647	0.309010358	0.058918303
0.059010358	0.5	0.0625
1	0.36003647	0
1	0.375	0.023569937
0.302372457	0.228003453	0.040493938
0.58552863	0.122673572	0.02356751
0.059010358	0.166666667	0.041666667
0.125	0.194014588	0.05
1	1	0.041666667
1	1	0.028846154
0.5	0.375	0.025862069
0.375	0.375	0.03
0.375	0.25	0.0375
0.375	0.75	0.068181818
1	1	0.035714286
0.75	1	0.034090909
1	0.375	0.028846154
0.375	0.375	0.05
0.375	0.1875	0.044117647
0.375	0.375	0.107142857
1	1	0.05
1	1	1
1	0.75	0.041666667
0.375	0.375	0.041666667
0.25	0.1875	0.03125
0.375	0.125	0.075
1	1	0.024193548
1	1	1
0.375	0.75	0.03125
0.375	0.375	0.027777778
0.375	0.15	0.0375
0.375	0.75	0.125
1	1	1
1	0.75	1
0.375	0.75	1
0.375	0.375	0.083333333
0.375	0.1875	0.039473684
0.375	0.75	0.107142857
1	1	1
1	0.5	0.032608696
0.75	0.375	0.046875
0.375	0.375	0.03125
0.375	0.75	0.068181818
0.375	0.75	0.05
1	1	1
1	1	0.03125
0.75	0.75	0.022727273
0.5	0.5	0.068181818
0.375	0.375	0.032608696
0.375	0.375	0.083333333
1	1	0.028846154
1	1	0.053571429
0.75	0.75	0.03
0.375	0.25	0.03
0.375	0.75	0.09375
0.375	0.375	0.0625
1	1	1
1	1	1
1	1	1
0.375	0.375	0.03125
0.375	0.75	0.05
0.375	0.75	0.083333333
1	1	1
1	1	0.025
1	1	0.032608696
0.375	0.75	0.046875
0.375	0.375	0.03125
0.375	0.375	0.068181818
1	1	1
1	1	1
1	1	0.0234375
0.25	0.375	0.046875
0.375	0.75	0.039473684
0.375	0.375	0.075
1	1	1
1	1	1
1	0.5	0.03
0.25	0.75	0.0234375
0.375	0.1875	0.035714286
0.375	0.25	0.09375
1	1	0.024193548
1	1	0.021428571
1	1	0.03
0.375	0.25	0.0234375
0.375	0.375	0.044117647
0.375	0.75	0.05
1	1	0.0234375
1	1	0.016666667
0.75	1	0.032608696
1	0.375	0.035714286
0.375	0.375	0.034090909
0.375	0.1875	0.09375
1	1	1
1	1	1
0.75	0.75	0.0375
1	0.375	0.03
0.25	0.75	0.041666667
0.375	0.75	0.0625
1	1	0.022058824
1	1	1
1	0.75	0.021428571
0.25	0.375	0.0375
0.375	0.25	0.053571429
0.375	0.375	0.125
1	1	0.01744186
1	0.75	0.039473684
1	0.75	0.057692308
0.25	0.75	0.028846154
0.375	0.25	0.053571429
0.375	0.75	0.057692308
1	1	0.027777778
1	0.75	0.01875
0.75	0.75	0.015957447
0.375	0.375	1
0.375	0.1875	0.044117647
0.375	0.25	0.046875
1	1	0.02027027
0.375	0.75	0.046875
0.75	0.5	0.022727273
0.25	0.375	0.053571429
0.375	0.75	0.034090909
0.375	0.15	0.107142857
1	1	1
1	0.75	0.015957447
1	0.75	0.01875
0.375	0.375	0.032608696
0.375	0.75	0.0375
0.375	0.75	0.068181818
1	0.375	1
0.5	0.375	1
0.5	0.375	0.053571429
0.375	0.375	0.0375
0.375	0.1875	0.046875
0.375	0.25	0.0625
1	1	0.025862069
1	0.75	0.039473684
0.5	0.375	0.025862069
0.5	0.375	0.046875
0.375	0.25	0.05
0.375	0.125	0.083333333
1	0.75	0.032608696
1	0.75	0.025
1	0.75	0.03125
0.75	0.375	0.032608696
0.25	0.25	0.027777778
0.375	0.25	0.075
1	1	0.0375
1	1	0.017857143
0.75	1	0.025862069
0.375	0.375	0.046875
0.375	0.1875	0.107142857
0.375	0.15	0.083333333
1	1	0.028846154
1	1	0.053571429
0.5	1	0.032608696
0.375	0.375	0.035714286
0.375	0.15	0.0375
0.375	0.75	0.068181818
1	1	1
1	1	0.020833333
1	1	1
0.375	0.375	0.028846154
0.375	0.15	0.032608696
0.375	0.75	0.075
1	1	1
0.375	1	0.032608696
1	0.75	0.022058824
0.25	0.375	1
0.375	0.1875	0.039473684
0.375	0.75	0.0625
1	1	1
0.75	0.75	0.021428571
1	0.75	1
0.375	0.375	1
0.375	0.25	0.046875
0.375	0.375	0.09375
1	1	1
1	1	0.022727273
1	1	0.0234375
0.375	0.375	0.0234375
0.375	0.375	0.044117647
0.375	0.75	0.107142857
1	1	1
1	1	0.025
0.75	0.75	0.039473684
0.75	0.375	0.032608696
0.25	0.125	0.041666667
0.25	0.1875	0.107142857
1	1	0.024193548
1	1	0.022058824
1	1	0.026785714
0.75	0.375	0.025
0.375	0.1875	0.05
0.375	0.75	0.09375
1	1	1
1	1	1
1	0.75	1
0.5	0.25	1
0.375	0.375	0.053571429
0.375	0.375	0.053571429
1	1	0.020833333
1	1	0.0234375
0.75	0.375	0.024193548
0.375	0.375	0.03125
0.375	0.15	0.039473684
0.375	0.1875	0.09375
1	1	0.025862069
1	1	0.041666667
0.75	0.75	0.03
0.25	0.375	0.034090909
0.375	0.25	0.046875
0.375	0.75	0.068181818
1	1	1
1	1	1
0.75	0.75	0.05
0.375	0.375	0.039473684
0.375	0.375	0.039473684
0.375	0.75	0.057692308
1	1	1
1	1	1
1	0.75	0.044117647
0.75	0.375	0.025862069
0.375	0.75	0.035714286
0.375	0.375	0.083333333
1	1	1
1	1	1
1	1	0.025
0.75	0.375	1
0.375	0.75	1
0.375	0.75	0.09375
1	1	1
1	1	1
0.75	0.75	0.026785714
0.375	0.375	1
0.375	0.375	0.05
0.375	0.75	0.083333333
1	1	0.03
1	1	1
0.75	1	0.03125
0.375	0.375	0.03125
0.375	0.75	0.032608696
0.375	0.25	0.068181818
1	1	1
1	0.5	1
0.75	1	0.021428571
1	0.75	0.039473684
0.375	0.375	0.039473684
0.375	0.375	0.075
1	1	1
1	1	1
1	1	0.03125
0.375	0.375	0.022058824
0.25	0.375	1
0.375	0.75	0.0625
1	1	1
1	1	0.039473684
0.5	0.75	1
0.375	0.375	0.028846154
0.375	0.375	0.0375
0.25	0.25	0.05
1	1	1
1	1	0.03
1	0.75	0.025
0.375	0.375	1
0.375	0.15	1
0.375	0.75	0.083333333
1	0.75	1
1	1	1
0.375	0.75	0.0234375
0.375	0.375	1
0.375	0.25	0.075
0.375	0.75	0.083333333
1	1	1
1	1	0.041666667
0.75	1	1
0.375	0.375	0.044117647
0.375	0.25	1
0.375	0.75	0.09375
1	1	1
1	1	1
0.75	1	1
0.375	0.375	1
0.375	0.25	0.05
0.375	0.166666667	0.125
1	1	0.027777778
0.75	1	1
0.75	0.75	0.039473684
0.375	0.375	0.0625
0.375	0.375	0.053571429
0.375	0.25	0.075
1	1	1
1	0.75	1
0.75	0.75	0.028846154
0.5	0.375	0.024193548
0.375	0.25	0.032608696
0.375	0.375	0.068181818
1	1	0.018292683
1	1	0.017857143
0.75	0.75	0.018292683
0.375	0.375	0.041666667
0.375	0.25	0.107142857
0.375	0.166666667	0.083333333
1	1	0.015306122
1	1	0.017857143
0.375	0.375	0.025862069
0.5	0.25	0.075
0.375	0.75	0.053571429
0.375	0.75	0.15
1	1	0.022727273
1	1	1
0.75	0.75	0.022727273
0.375	0.375	0.03125
0.375	0.25	0.044117647
0.375	0.25	0.083333333
1	1	1
1	0.75	0.021428571
0.375	0.5	0.035714286
0.375	0.25	0.044117647
0.375	0.375	1
0.375	0.25	0.09375
1	1	0.025862069
1	1	0.01744186
0.75	1	0.018292683
0.375	0.375	0.028846154
0.375	0.375	0.0625
0.375	0.25	0.068181818
1	1	0.024193548
1	1	0.02027027
1	0.5	0.075
0.75	0.375	0.025862069
0.375	0.25	0.0375
0.375	0.15	0.057692308
1	1	0.02027027
1	1	1
1	1	0.01744186
0.375	0.25	0.0375
0.375	0.75	0.034090909
0.375	0.1875	0.083333333
1	1	0.0234375
1	1	0.021428571
1	1	1
0.75	0.375	0.0625
0.375	0.75	0.034090909
0.375	0.75	0.057692308
1	1	0.017045455
1	0.75	0.024193548
0.5	0.5	0.03
0.375	0.25	0.05
0.375	0.25	0.083333333
0.375	0.166666667	0.107142857
1	0.75	1
1	1	1
1	1	0.053571429
0.375	0.25	0.057692308
0.375	0.25	1
0.25	0.75	0.075
1	1	1
1	1	0.018292683
0.5	0.75	1
0.5	0.375	0.057692308
0.375	0.25	0.044117647
0.375	0.166666667	0.125
1	1	0.020833333
1	0.75	0.028846154
1	0.75	1
0.5	0.375	1
0.375	0.1875	0.039473684
0.375	0.375	0.075
1	1	1
1	1	0.028846154
1	0.75	0.044117647
0.375	0.375	0.083333333
0.25	0.1875	0.039473684
0.25	0.1875	0.068181818
1	1	0.026785714
1	1	0.027777778
1	0.75	0.025862069
0.375	0.375	1
0.25	0.1875	0.075
0.375	0.166666667	0.15
1	1	0.03125
1	1	0.026785714
1	1	0.035714286
0.75	0.75	0.025
0.375	0.25	0.03125
0.375	0.15	0.068181818
1	1	0.0234375
1	1	0.019736842
0.5	0.375	0.053571429
0.75	0.375	0.068181818
0.375	0.1875	0.044117647
0.375	0.75	0.057692308
1	1	0.01875
1	1	0.018292683
1	1	0.026785714
0.375	0.75	0.0234375
0.375	0.15	0.046875
0.375	0.375	0.125
1	1	0.017857143
1	1	1
1	1	0.022727273
0.25	0.75	1
0.375	0.375	0.05
0.375	0.75	0.107142857
1	1	0.022058824
1	1	0.028846154
0.75	0.5	0.025
0.375	0.75	1
0.375	0.375	1
0.375	0.75	0.046875
1	1	0.025
0.5	0.75	1
0.375	0.75	1
0.375	0.75	0.027777778
0.375	0.375	0.044117647
0.375	0.75	0.0625
1	1	0.01875
1	1	0.026785714
0.375	0.375	0.034090909
0.375	0.75	0.075
0.375	0.1875	0.068181818
0.375	0.25	0.125
1	1	1
0.75	0.75	0.034090909
0.75	0.75	0.035714286
0.375	0.375	0.039473684
0.375	0.15	0.075
0.375	0.75	0.09375
1	0.75	0.020833333
1	0.75	0.034090909
0.75	1	0.03125
0.375	0.375	0.034090909
0.375	0.375	0.05
0.375	0.125	0.083333333
1	1	1
1	0.75	0.041666667
0.75	0.75	0.032608696
0.375	0.375	0.028846154
0.375	0.75	0.044117647
0.25	0.375	0.075
1	0.75	1
1	0.375	0.016666667
0.5	0.375	0.027777778
0.375	0.25	0.032608696
0.25	0.375	0.0375
0.375	0.125	0.053571429
1	0.75	1
1	0.375	1
1	0.375	0.022058824
0.375	0.25	0.039473684
0.375	0.1875	0.0625
0.25	0.15	0.09375
1	1	0.025
1	0.375	1
0.5	0.375	0.035714286
0.375	0.375	0.025862069
0.375	0.75	0.039473684
0.25	0.75	0.09375
1	1	0.022058824
1	0.75	0.026785714
0.5	0.375	0.035714286
1	0.375	1
0.375	0.75	0.032608696
0.375	0.1875	0.057692308
1	1	1
1	0.5	0.025
0.75	1	1
0.375	0.375	0.024193548
0.375	0.375	0.03
0.375	0.166666667	0.107142857
1	1	0.026785714
1	1	0.041666667
0.75	1	1
0.375	0.375	0.024193548
0.375	0.75	0.046875
0.375	0.75	0.083333333
1	1	1
1	1	0.01875
0.75	1	0.044117647
0.375	0.25	0.057692308
0.375	0.375	0.041666667
0.375	0.75	0.083333333
1	1	0.025862069
1	1	1
0.75	0.375	0.022058824
0.375	0.75	0.03
0.375	0.375	0.044117647
0.375	0.75	0.075
1	1	1
1	1	0.01744186
0.75	0.375	0.075
0.375	0.375	0.026785714
0.375	0.1875	0.05
0.375	0.25	0.083333333
1	1	0.020833333
1	1	0.039473684
1	0.75	0.027777778
0.375	0.375	0.041666667
0.375	0.375	0.075
0.375	0.375	0.09375
1	1	1
1	1	0.022727273
0.75	1	0.025862069
0.375	0.375	0.028846154
0.25	0.1875	0.0625
0.375	0.75	0.083333333
1	1	0.039473684
1	0.75	0.024193548
0.75	0.75	0.035714286
0.375	0.375	0.032608696
0.25	0.75	0.068181818
0.375	0.1875	0.075
1	1	0.026785714
1	1	0.022727273
1	0.75	0.0234375
0.375	0.25	0.024193548
0.375	0.375	0.027777778
0.375	0.166666667	0.05
1	1	0.022058824
1	1	0.039473684
1	0.75	0.039473684
0.375	0.25	0.041666667
0.375	0.375	0.035714286
0.375	0.375	0.09375
1	1	0.028846154
1	0.75	0.0234375
0.75	1	0.019736842
0.375	0.75	0.0234375
0.375	0.75	0.032608696
0.375	0.1875	0.107142857
1	1	0.019736842
0.75	1	0.025
0.5	0.375	0.025
0.375	0.375	0.028846154
0.375	0.75	0.053571429
0.375	0.375	0.068181818
1	1	1
1	1	0.024193548
0.75	0.5	0.026785714
0.375	0.75	0.025862069
0.375	0.375	0.032608696
0.375	0.75	0.053571429
1	1	1
1	1	0.018292683
1	1	0.027777778
0.375	0.375	0.022727273
0.375	0.375	0.035714286
0.375	0.1875	0.083333333
1	0.75	1
1	1	0.041666667
1	1	1
0.375	0.25	0.03
0.375	0.75	0.044117647
0.375	0.75	0.075
1	1	1
1	1	0.0375
1	0.75	1
0.75	0.25	0.025862069
0.375	0.75	0.075
0.375	0.166666667	0.075
1	1	1
1	1	0.026785714
1	0.75	0.019230769
0.25	0.25	0.0234375
0.375	0.25	0.032608696
0.375	0.75	0.075
1	1	0.032608696
1	1	0.021428571
0.75	0.75	0.025862069
0.375	0.375	0.05
0.375	0.75	0.057692308
0.375	0.75	0.0625
1	1	1
1	1	0.019736842
0.375	0.25	0.075
0.25	0.25	0.028846154
0.375	0.375	0.0375
0.375	0.75	0.107142857
1	1	1
1	1	0.022058824
0.375	0.75	0.053571429
0.75	0.375	0.034090909
0.375	0.15	0.044117647
0.375	0.75	0.083333333
1	1	0.026785714
1	1	0.068181818
1	1	0.034090909
0.375	0.375	0.025862069
0.375	0.1875	0.068181818
0.375	0.75	0.107142857
1	1	0.0234375
1	1	0.020833333
1	1	1
0.375	0.375	0.057692308
0.375	0.1875	0.028846154
0.375	0.375	0.075
1	1	1
1	1	0.020833333
0.75	0.75	0.024193548
0.375	0.375	0.039473684
0.375	0.75	0.107142857
0.375	0.166666667	0.075
1	1	1
1	1	1
1	0.75	0.03
0.375	0.75	0.039473684
0.375	0.375	0.05
0.375	0.75	0.075
1	1	0.0234375
1	1	1
1	1	1
0.375	0.75	1
0.375	0.375	0.0375
0.375	0.75	0.05
1	1	1
1	1	1
0.5	1	1
0.5	0.375	0.03125
0.375	0.375	0.035714286
0.375	0.375	0.15
1	1	1
1	1	0.016666667
1	0.75	0.024193548
0.25	0.25	0.053571429
0.375	0.25	0.0375
0.25	0.75	0.068181818
1	1	1
1	0.5	1
1	1	1
0.75	0.75	0.022058824
0.375	0.75	1
0.375	0.75	0.068181818
1	1	1
1	1	0.027777778
1	0.75	0.03
0.375	0.25	0.034090909
0.375	0.75	0.034090909
0.375	0.75	0.125
1	1	0.026785714
1	1	0.01875
1	0.75	1
0.375	0.75	0.027777778
0.375	0.1875	0.075
0.375	0.15	0.075
1	1	0.03125
1	1	0.022058824
1	0.75	0.026785714
0.375	0.75	0.027777778
0.375	0.1875	0.083333333
0.375	0.75	0.09375
1	1	0.022058824
1	1	1
1	0.75	0.05
0.375	0.375	0.035714286
0.375	0.1875	0.039473684
0.375	0.75	0.075
1	1	1
1	1	1
1	1	1
1	0.375	1
1	1	1
1	0.375	1
1	1	0.142857143
1	1	0.0625
0.375	0.5	0.142857143
0.375	0.5	0.071428571
0.5	0.375	0.125
0.375	0.375	0.107142857
1	1	0.0375
1	1	0.1
0.375	0.25	0.083333333
0.5	0.333333333	0.053571429
0.5	0.25	0.041666667
0.375	0.166666667	0.0625
0.375	1	0.041666667
0.5	1	0.071428571
0.75	0.5	0.027777778
0.5	0.333333333	0.0375
0.5	0.333333333	0.166666667
0.5	0.25	0.053571429
1	1	1
1	1	1
1	1	1
1	1	1
1	0.375	1
1	0.375	1
1	1	0.125
1	1	0.0625
1	0.5	0.1
0.375	0.25	0.083333333
0.375	0.1875	0.142857143
0.375	0.15	0.075
1	0.5	0.090909091
1	1	0.055555556
1	1	0.044117647
0.375	0.25	0.034090909
0.5	0.25	0.041666667
0.375	0.5	0.053571429
1	1	0.1
1	0.5	0.125
0.5	1	0.083333333
0.5	0.5	0.035714286
0.5	0.25	0.1
0.375	0.15	0.05
1	1	1
1	1	1
1	1	1
1	0.375	1
1	0.375	1
1	0.25	1
1	1	0.125
1	0.5	0.125
0.375	0.25	0.142857143
0.375	0.333333333	0.142857143
0.5	0.375	0.125
0.5	0.333333333	0.075
1	1	0.05
1	1	0.034090909
0.5	0.5	0.027777778
0.5	0.25	0.076923077
0.5	0.25	0.111111111
0.5	0.15	0.0625
1	1	0.0625
1	1	0.03
0.375	1	0.071428571
0.375	0.1875	0.75
0.5	0.25	0.035714286
0.375	0.25	0.055555556
1	1	1
1	1	1
1	1	1
1	1	1
1	1	1
1	0.375	1
1	0.5	0.0625
1	1	0.166666667
1	0.5	0.2
0.5	0.375	0.05
0.5	0.5	0.2
0.5	0.25	0.057692308
1	1	0.05
1	1	0.125
0.375	0.25	0.032608696
0.5	0.5	0.0625
0.375	0.25	0.0625
0.375	0.375	0.046875
1	1	0.052631579
1	1	0.026785714
1	0.5	0.0625
0.375	0.25	0.0625
0.5	0.25	0.03125
0.25	0.1875	0.0625
1	1	1
1	1	1
1	1	1
1	1	1
1	1	1
1	1	1
1	1	0.071428571
1	1	0.2
1	0.5	0.2
0.375	0.375	0.05
0.5	0.333333333	0.0625
0.375	0.25	0.057692308
1	1	0.083333333
0.375	1	0.045454545
1	1	0.0625
0.375	0.5	0.090909091
0.5	0.25	0.053571429
0.5	0.125	0.075
1	1	0.038461538
1	1	0.083333333
0.5	1	0.0375
0.5	0.333333333	0.0375
0.375	0.25	0.035714286
0.375	0.107142857	0.107142857
1	1	1
1	0.375	1
1	0.375	0.5
1	0.375	0.5
1	0.375	0.75
1	0.25	0.15
1	0.75	0.15
1	0.75	0.111111111
0.375	0.361014793	0.0625
0.5	0.25	0.125
0.5	0.25	0.041666667
0.5	0.166666667	0.09375
1	0.75	0.068181818
1	0.75	0.068181818
0.375	0.494852753	0.040546427
0.5	0.25	0.083333333
0.375	0.25	0.041666667
0.5	0.25	0.083333333
1	0.972029587	0.034569291
1	0.989705506	0.066666667
1	0.908594163	0.025862069
0.5	0.25	0.75
0.375	0.333333333	0.039473684
0.375	0.1875	0.125
1	1	1
1	0.375	1
1	0.375	1
1	0.375	0.375
1	0.75	0.375
1	0.75	0.0625
1	0.489712348	0.375
1	0.5	0.107142857
1	0.333333333	0.107142857
0.375	0.364712348	0.166666667
0.5	0.364712348	0.375
0.5	0.166666667	0.083333333
1	1	0.75
1	0.979424695	0.066666667
0.375	0.364712348	0.75
0.5	0.489712348	0.15
0.5	0.25	0.125
0.5	0.5	0.125
1	0.75	0.02819109
1	0.375	0.090909091
0.5	0.489712348	0.034090909
0.5	0.25	0.15
0.375	0.25	0.083333333
0.375	0.25	0.083333333
1	0.375	1
1	0.375	1
1	0.375	1
1	0.375	0.5
1	0.75	0.090909091
1	0.25	0.09375
1	0.967046508	0.083333333
0.375	0.375	0.166666667
1	0.358523254	0.128270948
0.375	0.358523254	0.75
0.5	0.25	0.75
0.5	0.239015503	0.0625
1	0.967046508	0.75
0.375	0.967046508	0.075
0.375	0.358523254	0.066666667
0.491467767	0.375	0.75
0.375	0.25	0.032608696
0.375	0.25	0.083333333
1	0.967046508	0.75
1	0.483523254	0.15
0.5	0.375	0.111111111
1	0.5	0.15
0.5	0.5	0.032608696
0.375	0.25	0.125
1	0.952186733	0.904269454
1	0.952186733	0.904269454
1	0.952186733	0.904269454
1	0.952186733	0.452134727
1	0.351093367	0.452134727
1	0.702186733	0.107142857
1	0.5	0.75
1	0.375	0.107142857
0.375	0.375	0.107142857
0.375	0.476093367	0.075
0.5	0.5	0.113033682
0.5	0.5	0.09375
1	0.75	0.075355788
1	0.75	0.75
0.375	0.5	0.064590675
0.5	0.75	0.088333994
0.452134727	0.25	0.100474384
0.375	0.25	0.15
1	0.75	0.044117647
1	0.5	0.024193548
1	0.75	0.05
0.5	0.375	0.75
0.375	0.476093367	0.044117647
0.375	0.25	0.068181818
1	1	1
1	1	0.5
1	1	0.076923077
1	0.375	0.020833333
1	0.375	0.032608696
1	0.75	0.125
1	0.953428316	0.100489759
1	0.953428316	0.125
1	0.898443044	0.143439977
1	0.333333333	0.15
0.5	0.25	0.034090909
0.5	0.25	0.075
1	1	0.75
1	0.476714158	0.75
0.375	0.953428316	0.0625
0.5	0.351714158	0.025862069
0.5	0.25	0.083333333
0.375	0.25	0.09375
1	1	0.75
1	0.5	0.022727273
0.375	0.476714158	0.026785714
0.5	0.476714158	0.75
0.375	0.25	0.028846154
0.375	0.25	0.125
1	1	1
1	1	1
1	0.75	1
1	0.75	1
1	0.75	1
1	1	1
1	1	0.035714286
1	1	0.083333333
1	1	0.166666667
1	0.5	0.078677134
0.5	0.5	0.2
0.5	0.5	0.1875
1	1	0.041666667
1	1	0.038461538
1	1	0.038112799
0.5	0.25	0.03785794
0.5	0.166666667	0.111111111
0.5	0.5	0.15
1	1	0.076923077
1	1	0.066666667
1	1	0.032249356
0.5	0.5	0.111111111
0.375	0.75	0.048699688
0.5	0.25	0.083333333
1	1	1
1	1	1
1	1	1
1	1	0.333333333
1	1	0.125
1	1	0.073084658
1	0.803931243	0.195056464
1	0.803931243	0.09877624
1	0.890626283	0.125
0.5	0.445313142	0.111111111
0.5	0.445313142	0.066425259
0.5	0.890626283	0.053595416
1	0.890626283	0.055555556
1	0.890626283	0.029411765
1	0.445313142	0.013848281
1	1	0.03
0.5	0.803931243	0.044662847
0.5	0.375	0.073084658
1	1	0.75
1	1	0.024382058
1	0.5	0.039493562
0.5	0.5	0.034090909
0.5	0.2	0.06699427
0.276965621	0.296875428	0.089325694
1	1	1
1	1	1
1	1	1
1	1	0.5
1	1	0.2
1	1	0.06699427
1	0.890626283	0.132017556
1	0.803931243	0.035714286
1	0.803931243	0.1
1	0.401965621	0.083333333
0.5	0.401965621	0.041666667
0.5	0.75	0.073084658
1	0.890626283	0.04575902
0.5	0.803931243	0.105978416
1	0.890626283	0.049872196
1	0.445313142	0.042391366
0.5	0.401965621	0.034090909
0.5	0.222656571	0.080393124
1	0.445313142	0.75
1	1	0.0625
0.5	0.5	0.020515972
0.5	0.803931243	0.200982811
0.5	0.401965621	0.035714286
0.375	0.2	0.046160937
1	1	1
1	1	1
1	1	0.333333333
1	1	0.333333333
1	1	0.333333333
1	0.75	0.109037806
1	0.872302445	0.166666667
1	0.872302445	0.25
1	0.872302445	0.09375
0.5	0.872302445	0.25
0.5	0.75	0.087230245
0.5	0.872302445	0.124614635
1	1	0.0234375
1	1	0.75
1	1	0.082356555
0.5	0.872302445	0.1
0.5	0.75	0.041538212
0.375	0.1875	0.087230245
1	1	0.076923077
1	0.5	0.032380025
0.5	1	0.036265628
0.375	0.5	0.07269187
0.5	0.436151223	0.045910655
0.375	0.75	0.096922494
1	1	1
1	1	1
1	1	1
1	1	1
1	0.375	1
1	0.375	1
1	1	0.046875
1	1	0.125
0.375	1	0.1
0.375	0.375	0.2
0.5	0.1875	0.053571429
0.5	0.375	0.068181818
1	1	0.1
1	0.5	0.076923077
0.375	0.375	0.1
0.375	0.25	0.028846154
0.5	0.1875	0.057692308
0.375	0.25	0.0625
1	1	0.025
1	0.5	0.083333333
0.375	0.375	0.028846154
0.5	0.333333333	0.034090909
0.375	0.1875	0.090909091
0.375	0.25	0.075
1	1	1
1	1	1
1	1	1
1	1	1
1	1	1
1	0.375	1
1	1	0.1
1	1	0.333333333
0.375	0.5	0.083333333
0.375	0.333333333	0.125
0.5	0.25	0.083333333
0.5	0.25	0.125
1	0.5	0.1
1	1	0.045454545
0.375	0.375	0.03125
0.5	0.5	0.044117647
0.5	0.25	0.053571429
0.375	0.333333333	0.0625
1	1	0.071428571
1	1	0.125
0.5	1	0.046875
0.375	0.333333333	0.1
0.5	0.5	0.041666667
0.375	0.25	0.15
1	1	1
1	1	1
1	1	1
1	1	1
1	0.375	1
1	0.375	1
1	1	0.2
1	1	0.083333333
0.375	1	0.03125
0.375	0.375	0.2
0.375	0.25	0.142857143
0.5	0.1875	0.068181818
1	1	0.0625
1	1	0.09375
1	0.5	0.1
0.5	0.5	0.0375
0.5	0.1875	0.076923077
0.5	0.15	0.057692308
1	1	0.071428571
1	1	0.1
0.5	1	0.026785714
0.375	0.25	0.75
0.25	0.25	0.0625
0.125	0.125	0.0625
1	1	1
1	1	1
1	1	1
1	1	1
1	0.375	1
1	0.375	1
1	1	0.107142857
0.375	0.375	0.75
0.375	0.5	0.1
0.5	0.333333333	0.039473684
0.5	0.1875	0.046875
0.5	0.25	0.083333333
1	1	0.090909091
1	0.5	0.111111111
1	1	0.111111111
0.5	0.25	0.090909091
0.5	0.25	0.0375
0.5	0.375	0.0625
0.375	1	0.066666667
1	1	0.083333333
0.5	0.25	0.027777778
0.375	0.25	0.034090909
0.5	0.15	0.090909091
0.375	0.5	0.107142857
1	1	0.583333333
0.875	1	0.013888889
0.875	1	0.013392857
1	1	0.107142857
0.875	1	0.083333333
0.75	1	0.107142857
1	0.875	0.017605634
0.875	0.645313109	0.01984127
0.875	0.338302753	0.015151515
1	0.483984832	0.078947368
1	0.25	0.070271193
0.875	0.370642202	0.068181818
1	0.583333333	0.058402549
0.875	0.125	0.125
0.75	0.183868502	0.055561934
0.625	0.733523254	0.1
0.375	0.343409302	0.0651179
0.125	0.125	0.041666667
0.875	0.125	0.022547269
0.5	0.375	0.090909091
0.875	0.125	0.010869565
0.625	0.1	0.026785714
0.216844898	0.416666667	0.052631579
0.125	0	0.057692308
1	0.476093367	0.042857143
0.875	0.567395578	0.052083333
0.875	0.851093367	0.01875
0.875	0.976093367	0.125
0.875	0.851093367	0.166666667
1	0.290437347	0.068181818
1	0.476093367	0.125
1	0.375	0.125
0.875	0.25	0.075
0.875	0.478646442	0.034090909
0.75	0.449764361	0.085873662
0.702134727	0.363046683	0.125
1	0.94406303	0.041803997
1	0.472031515	0.125
0.612965784	0.25	0.02027027
0.625	0.25	0.125
0.327134727	0.333333333	0.037037037
0.125	0.361079549	0.125
0.5	0.400728911	0.060192095
0.625	0.25	0.017361111
0.365347728	0.476093367	0.021903939
0.452134727	0.15	0.028624554
0.5	0.290437347	0.053571429
0.327134727	0.15	0.111111111
1	1	0.5
1	1	0.5
1	1	0.5
1	1	0.125
0.875	1	0.166666667
1	1	0.125
1	0.125	0.046641396
1	0.65669098	0.125
1	0.480875314	0.111111111
0.625	0.484476105	0.166666667
1	0.4	0.125
1	0.484476105	0.1875
1	0.125	0.036555482
1	0.125	0.125
0.75	0.25	0.036735917
1	0.125	0.166666667
0.5	0.375	0.03125
0.375	0.15	0.107142857
1	0	0.25
1	0	0.025873611
1	0.48503647	0.0625
0.5	0.25	0.04
0.375	0.317809439	0.075
0.125	0.166666667	0.0625
1	1	1
1	1	1
1	0.5	1
1	0.5	1
1	0.5	1
1	0.75	1
1	1	0.1
1	1	0.071428571
1	1	0.107142857
1	0.333333333	0.1875
0.5	0.5	0.25
1	0.75	0.25
1	1	0.111111111
1	1	0.083333333
1	1	0.125
0.5	0.333333333	0.1
0.5	0.5	0.053662701
0.5	0.75	0.125
1	1	0.055555556
1	1	0.044117647
1	1	0.111111111
0.5	0.333333333	0.039027419
0.375	1	0.07233506
0.375	0.75	0.15
1	1	1
1	1	1
1	1	1
1	1	0.166666667
1	1	0.25
1	1	0.080393124
1	0.890626283	0.113157905
1	0.803931243	0.2
1	0.803931243	0.069241405
1	0.803931243	0.111111111
0.5	0.445313142	0.039473684
0.5	0.296875428	0.089325694
1	0.890626283	0.023726899
0.5	0.803931243	0.076923077
1	0.803931243	0.142857143
1	0.803931243	0.089325694
0.5	0.222656571	0.083333333
0.5	0.375	0.035714286
1	0.890626283	0.056521822
1	0.803931243	0.035714286
1	0.5	0.025
0.5	0.401965621	0.0625
0.375	0.333333333	0.045895639
0.276965621	0.333333333	0.160786249
1	1	1
1	1	1
1	1	1
1	1	0.035714286
1	1	0.142857143
1	1	0.041666667
1	0.868020716	0.083333333
1	0.868020716	0.113349931
1	0.868020716	0.111111111
1	0.868020716	0.273325933
1	0.868020716	0.055664143
0.375	0.868020716	0.045454545
1	0.5	0.041666667
1	0.868020716	0.068668968
1	1	0.034090909
0.5	0.868020716	0.040483013
0.5	0.333333333	0.06200148
0.5	0.5	0.096446746
1	1	0.027832071
1	0.868020716	0.071428571
0.5	1	0.026692762
0.5	0.5	0.75
0.375	0.25	0.086802072
0.375	0.2	0.07233506
1	1	1
1	1	1
1	1	1
1	1	1
1	1	1
1	0.375	1
1	0.5	0.166666667
1	0.5	0.083333333
1	1	0.15
0.5	1	0.125
0.375	0.25	0.111111111
0.5	0.1875	0.083333333
1	1	0.045454545
1	1	0.1
0.375	0.375	0.09375
0.375	0.375	0.039473684
0.5	0.25	0.044117647
0.5	0.25	0.0625
1	1	0.111111111
1	1	0.058823529
0.5	0.5	0.090909091
0.375	0.333333333	0.041666667
0.5	0.25	0.039473684
0.5	0.5	0.107142857
1	1	1
1	1	1
1	1	1
1	1	1
1	0.375	1
1	0.75	1
1	1	0.083333333
0.375	1	0.083333333
1	1	0.09375
0.375	0.25	0.2
0.375	0.375	0.05
0.375	0.25	0.075
0.375	1	0.083333333
1	1	0.090909091
1	1	0.083333333
0.375	0.1875	0.1
0.5	0.5	0.1
0.5	0.1875	0.083333333
1	1	0.034090909
0.375	1	0.111111111
0.375	0.375	0.026785714
0.5	0.5	0.024193548
0.375	0.125	0.032608696
0.375	0.25	0.075
1	1	1
1	1	1
1	1	1
1	1	1
1	0.375	1
1	0.375	1
1	1	0.083333333
1	0.5	0.071428571
0.375	1	0.0625
0.375	0.375	0.057692308
0.375	0.25	0.142857143
0.5	0.25	0.075
1	1	0.041666667
0.375	1	0.083333333
1	1	0.034090909
0.5	0.333333333	0.0625
0.5	0.1875	0.083333333
0.5	0.25	0.083333333
1	1	0.076923077
1	1	0.053571429
1	0.5	0.066666667
0.375	0.1875	0.041666667
0.375	0.25	0.068181818
0.375	0.25	0.068181818
1	1	0.011904762
1	1	0.015306122
1	1	0.039473684
1	1	0.027027027
1	1	0.043478261
1	1	0.0625
0.375	0.5	0.011904762
0.375	0.5	0.018020634
0.5	0.333333333	0.09375
0.375	0.302864721	0.022727273
0.5	0.302864721	0.0375
0.5	0.166666667	0.083333333
1	0.658594163	0.014744155
1	0.658594163	0.017045455
0.5	0.454297081	0.0234375
0.5	0.302864721	0.029914172
0.375	0.125	0.035714286
0.5	0.333333333	0.075
1	0.972029587	0.05
0.494852753	0.375	0.021428571
0.75	0.454297081	0.107142857
0.375	0.454297081	0.019736842
0.5	0.302864721	0.0375
0.375	0.302864721	0.107142857
1	1	0.75
1	1	0.75
1	1	0.75
1	1	0.75
1	1	0.375
1	1	0.083333333
1	0.489712348	0.107142857
0.5	0.979424695	0.15
0.5	0.489712348	0.1
1	0.489712348	0.09375
0.375	0.25	0.050238385
0.375	0.0625	0.083333333
1	0.489712348	0.071898775
1	0.979424695	0.075
0.5	0.489712348	0.021428571
0.5	0.489712348	0.075
0.375	0.326474898	0.05
0.5	0.15	0.055555556
1	1	0.025
1	0.489712348	0.033333333
0.375	0.375	0.073333646
0.375	0.326474898	0.05
0.375	0.326474898	0.033492257
0.25	0.25	0.053571429
1	1	0.01875
1	1	0.016709852
1	1	0.01875
1	1	0.019230769
1	1	0.035714286
1	1	0.0625
1	0.717046508	0.5
0.375	0.483523254	0.125
0.375	0.483523254	0.083333333
0.5	0.967046508	0.028846154
0.5	0.375	0.125
0.5	0.358523254	0.0625
1	1	0.019230769
0.75	0.483523254	0.037805213
0.5	0.483523254	0.022727273
0.5	0.483523254	0.125
0.5	0.333333333	0.029411765
0.375	0.25	0.041666667
1	1	0.023443701
0.5	0.5	0.017874305
0.75	0.5	0.015151515
0.375	0.327645178	0.0234375
0.5	0.241761627	0.023809524
0.25	0.25	0.0625
1	1	0.75
1	1	0.019736842
1	1	0.025862069
1	1	0.03
1	1	0.0375
1	1	0.068181818
1	0.553931243	0.108421068
0.5	0.553931243	0.04
0.5	0.553931243	0.03125
0.5	0.553931243	0.032608696
0.5	0.803931243	0.03
0.5	0.890626283	0.055555556
1	0.640626283	0.090909091
1	0.803931243	0.037037037
1	0.553931243	0.058238753
0.5	0.375	0.066666667
0.5	0.445313142	0.024083967
0.5	0.5	0.061547916
0.5	0.401965621	0.027777778
1	1	0.5
1	0.5	0.046875
0.375	0.640626283	0.041666667
0.375	0.553931243	0.025178693
0.5	0.267977081	0.069241405
1	1	0.05
1	1	0.25
1	1	0.02173913
1	1	0.028934024
1	1	0.058823529
1	1	0.07233506
1	0.868020716	0.041201381
1	0.868020716	0.090246376
0.5	0.618020716	0.077252589
0.5	0.618020716	0.033385412
0.5	0.375	0.075
0.5	0.173604143	0.035714286
1	0.375	0.020833333
1	0.618020716	0.5
1	0.25	0.5
0.5	0.309010358	0.029687543
0.5	0.309010358	0.034720829
0.375	0.434010358	0.09375
0.75	0.75	0.028846154
1	0.618020716	0.066666667
0.5	0.75	0.031808082
0.5	0.618020716	0.066666667
0.5	0.1875	0.030506013
0.5	0.15	0.061802072
1	1	1
1	1	1
1	1	1
1	1	1
1	0.5	1
1	1	0.5
1	0.75	0.25
1	0.75	0.071428571
1	0.375	0.125
0.5	0.375	0.107142857
0.5	0.75	0.053571429
0.5	0.375	0.094059106
1	0.375	0.0625
1	0.375	0.045454545
1	0.375	0.125
0.375	0.25	0.1
0.5	0.375	0.125
0.5	0.375	0.083333333
1	0.75	0.031306942
0.5	0.375	0.0625
1	0.75	0.5
0.5	0.375	0.032307498
0.25	0.25	0.5
0.5	0.25	0.125
1	1	1
1	1	1
1	1	1
1	1	1
1	1	1
1	1	1
1	0.375	0.142857143
1	0.333333333	0.09375
0.375	0.375	0.083333333
0.375	0.25	0.03125
0.5	0.25	0.071428571
0.5	0.5	0.09375
1	0.375	0.05
1	0.375	0.022058824
1	0.375	0.5
0.5	0.1875	0.024193548
0.5	0.5	0.027777778
0.375	0.25	0.083333333
1	0.375	0.026785714
1	0.375	0.028846154
0.375	0.25	0.5
0.375	0.1875	0.0234375
0.25	0.25	0.026315789
0.25	0.142857143	0.033333333
1	1	1
1	1	1
1	1	1
1	1	1
1	1	1
1	1	1
1	0.375	0.142857143
1	0.375	0.03125
0.375	0.375	0.068181818
1	0.25	0.05
0.5	0.2	0.046875
0.5	0.5	0.05
1	0.375	0.034090909
0.375	0.25	0.035714286
0.5	0.25	0.021428571
0.375	0.1875	0.032608696
0.5	0.166666667	0.05
0.25	0.166666667	0.0625
1	0.375	0.02027027
1	0.375	0.034090909
0.5	0.25	0.019736842
0.5	0.1875	0.034090909
0.375	0.1875	0.0625
0.25	0.2	0.107142857
1	1	1
1	1	1
1	1	1
1	1	1
1	1	1
1	1	1
0.5	0.375	0.044117647
0.375	0.375	0.107142857
1	0.375	0.111111111
1	0.5	0.053571429
0.375	0.5	0.039473684
0.5	0.333333333	0.0625
1	0.375	0.1875
1	0.375	0.044117647
0.5	0.375	0.0625
0.5	0.25	0.026785714
0.375	0.25	0.032608696
0.5	0.125	0.0625
1	0.375	0.5
0.375	0.1875	0.5
1	0.375	0.017857143
0.375	0.25	0.03
0.25	0.125	0.022727273
0.375	0.125	0.045454545
1	0.952186733	0.75
1	0.952186733	0.375
1	0.952186733	0.25
1	0.952186733	0.060891288
1	0.952186733	0.166666667
1	0.952186733	0.092321874
1	0.553931243	0.119565466
1	0.553931243	0.1
1	0.553931243	0.066425259
0.5	0.553931243	0.25
0.5	0.553931243	0.031173684
0.5	0.280937672	0.079133035
1	0.553931243	0.047160416
1	0.5	0.125
1	0.553931243	0.054347939
0.452134727	0.553931243	0.110786249
0.476093367	0.213542094	0.5
0.320313142	0.276965621	0.055393124
1	0.5	0.12980276
0.904269454	0.904269454	0.019255787
0.952186733	0.553931243	0.022993359
0.5	0.553931243	0.5
0.375	0.276965621	0.034620703
0.320313142	0.87132174	0.055393124
1	1	0.75
1	1	0.375
1	0.935939326	0.034810799
1	0.935939326	0.15
1	0.935939326	0.5
1	0.935939326	0.75
1	0.853211011	0.375
1	0.853211011	0.031115122
0.5	0.853211011	0.375
0.5	0.426605506	0.5
0.375	0.375	0.068181818
0.362965784	0.426605506	0.25
1	0.603211011	0.5
1	0.603211011	0.035714286
0.5	0.5	0.041666667
0.5	0.5	0.5
0.362965784	0.5	0.068181818
0.362965784	0.5	0.25
0.975931568	0.75	0.5
1	0.301605506	0.035714286
0.5	0.5	0.5
0.5	0.5	0.028846154
0.342969663	0.25	0.5
0.375	0.426605506	0.107142857
1	1	0.75
1	1	0.75
1	1	0.125
1	1	0.25
1	1	0.1875
1	1	0.0625
1	0.618020716	0.107142857
1	0.5	0.108073841
1	0.618020716	0.075
1	0.618020716	0.1875
0.5	0.309010358	0.035590349
0.5	0.449221522	0.1
1	0.618020716	0.135862379
1	0.618020716	0.035714286
1	0.5	0.068181818
0.5	0.309010358	0.064062628
0.5	0.618020716	0.0375
0.5	0.1875	0.068668968
0.953428316	0.5	0.125
1	0.449221522	0.02231597
0.953428316	0.618020716	0.5
0.5	0.434010358	0.041666667
0.5	0.309010358	0.027853317
0.375	0.273816344	0.058238753
