MDL_RM_r	RuleGO	DTHF
1	1	1
1	1	0.980392157
1	1	0.917431193
1	1	0.884955752
1	1	0.518134715
1	1	0.581395349
1	0.564971751	0.571428571
1	0.581395349	0.751879699
1	0.588235294	0.523560209
1	0.581395349	0.691729323
0.943396226	0.588235294	0.515463918
0.943396226	0.598802395	0.237623762
1	0.595238095	0.208
1	0.549450549	0.568181818
1	0.584795322	0.826446281
0.909090909	0.520833333	0.723076923
0.917431193	0.529100529	0.507614213
0.90990991	0.58045977	0.470588235
1	1	0.67114094
1	0.546448087	0.671428571
0.602409639	0.628930818	0.6
0.869565217	0.537634409	0.543478261
0.377192982	0.529100529	0.409448819
0.381355932	0.502512563	0.156521739
1	1	1
1	1	0.543478261
1	1	0.884955752
1	1	0.793650794
1	1	0.558659218
1	1	0.721153846
1	0.609756098	0.909090909
1	0.574712644	0.15
1	0.581395349	0.751937984
0.952380952	0.534759358	0.78125
0.867924528	0.609756098	0.529100529
0.934579439	0.561151079	0.543478261
1	0.537634409	0.188405797
1	0.588235294	0.78125
0.757575758	0.564971751	0.769230769
0.869565217	0.564971751	0.510204082
0.900900901	0.515463918	0.62295082
0.917431193	0.537634409	0.543859649
0.980392157	0.694444444	0.523560209
0.851485149	0.571428571	0.510204082
1	0.540540541	0.558823529
0.752293578	0.534759358	0.520833333
0.900900901	0.607361963	0.558823529
0.386554622	0.517948718	0.413533835
1	1	1
1	1	0.847457627
1	1	0.884955752
1	1	0.561797753
1	1	0.847457627
1	1	0.529411765
1	0.5	0.793650794
1	0.555555556	0.769230769
1	0.537634409	0.510204082
0.980392157	0.523560209	0.381355932
0.961538462	0.520833333	0.515463918
0.952380952	0.540540541	0.504672897
0.99009901	0.367088608	0.527607362
1	0.546448087	0.553459119
1	0.435897436	0.683453237
0.99009901	0.523560209	0.568181818
0.943396226	0.515463918	0.512820513
0.754545455	0.558659218	0.540540541
1	0.5	0.709219858
0.787401575	0.5	0.649350649
1	0.531914894	0.543478261
0.884955752	0.5	0.5625
0.862068966	0.5	0.540540541
0.669565217	0.393103448	0.468965517
1	1	1
1	1	1
1	0.655	0.995
0.355	0.715	0.84
0.39	0.995	0.95
0.42	0.705	0.565
1	1	1
1	1	1
0.25	1	1
0.45	0.66	0.67
0.44	0.835	0.98
0.48	0.95	0.71
1	0.605	1
1	1	0.905
0.625	0.625	0.975
0.29	0.625	0.8
0.35	0.995	0.99
0.43	0.71	0.66
1	1	0.88
1	0.66	0.995
0.27	0.445	0.695
0.18	1	0.865
0.345	0.995	0.795
0.505	0.725	0.77
1	1	1
1	1	0.806451613
1	1	0.892857143
1	1	0.775193798
1	1	0.538461538
1	1	0.519230769
1	0.581395349	0.555555556
1	0.526315789	0.131782946
1	0.537634409	0.775193798
0.925925926	0.531914894	0.617283951
0.934579439	0.526315789	0.539325843
0.909090909	0.540540541	0.483333333
1	0.531914894	0.826446281
1	0.534759358	0.709219858
0.884955752	0.526315789	0.543478261
0.819672131	0.526315789	0.523560209
0.862068966	0.546448087	0.540540541
0.900900901	0.578034682	0.526315789
1	0.581395349	0.529100529
1	1	0.380952381
1	0.588235294	0.58041958
0.877192982	0.81300813	0.5
0.456896552	0.555555556	0.5
0.427536232	0.555555556	0.526315789
1	1	1
1	1	1
1	1	1
1	1	1
1	0.5	1
1	1	0.546448087
1	0.602409639	0.027027027
1	0.557377049	0.582857143
1	0.531914894	0.225806452
0.971428571	0.610778443	0.6
0.962264151	0.618181818	0.507936508
0.962616822	0.528205128	0.502702703
1	0.546448087	0.8
1	0.558659218	0.5
1	0.573770492	0.240837696
0.928571429	0.559139785	0.528205128
0.972222222	0.525	0.552631579
0.946902655	0.535	0.551546392
1	0.869565217	0.699300699
1	0.900900901	0.537634409
1	0.577777778	0.443298969
0.930434783	0.323863636	0.469387755
0.913793103	0.357541899	0.487179487
0.524590164	0.593582888	0.630681818
1	1	1
1	1	0.793650794
1	1	0.934579439
1	1	0.689655172
1	1	0.746268657
1	1	0.704225352
1	0.549450549	0.181818182
1	0.534759358	0.595238095
1	0.594117647	0.268656716
1	0.545945946	0.527472527
1	0.51	0.565714286
0.980392157	0.518134715	0.546961326
0.961538462	0.549450549	0.549450549
0.943396226	0.540540541	0.546448087
0.990196078	0.545945946	0.576923077
0.909090909	0.523560209	0.497354497
0.847457627	0.523560209	0.505050505
0.886956522	0.548387097	0.620967742
1	0.540540541	0.540540541
1	0.590643275	0.520618557
0.727272727	0.540106952	0.445714286
0.904347826	0.559139785	0.544502618
0.848739496	0.534391534	0.533333333
0.796875	0.6	0.570422535
1	0.385	1
0.46	0.415	1
0.46	0.425	0.98
0.525	0.59	1
0.56	0.39	0.98
0.45	0.78	0.94
1	1	0.83
0.235	0.395	0.99
0.49	0.435	1
0.44	0.56	0.955
0.425	0.91	1
0.51	0.73	0.935
1	1	1
1	1	0.805
0.445	0.445	1
0.305	1	0.93
0.295	0.71	0.635
0.48	0.955	0.565
1	1	0.875
1	1	1
0.275	0.45	0.805
0.225	0.86	0.66
0.38	0.715	0.985
0.465	0.755	1
1	1	1
1	1	1
1	1	0.574712644
1	1	0.568181818
1	1	0.515463918
1	1	0.752475248
1	0.653594771	0.755905512
1	0.523560209	0.854700855
1	0.523560209	0.746268657
1	0.657894737	0.531914894
0.970873786	0.649350649	0.507614213
0.943396226	0.735294118	0.616
1	0.561797753	0.793650794
1	0.526315789	0.729927007
0.943396226	0.520833333	0.510204082
0.840336134	0.574712644	0.65
0.917431193	0.549450549	0.503875969
0.900900901	0.561797753	0.542372881
0.709219858	0.568181818	0.526315789
1	0.540540541	0.532467532
1	0.526315789	0.5
0.934579439	0.558659218	0.529100529
0.369747899	0.543478261	0.543478261
0.359375	0.625	0.531914894
1	1	0.943396226
1	1	0.884955752
1	1	0.584795322
1	1	0.584795322
1	1	0.765217391
1	1	0.778688525
1	0.531914894	0.854700855
1	0.598802395	0.627906977
1	0.609756098	0.546448087
0.900900901	0.531914894	0.574712644
0.934579439	0.571428571	0.515463918
0.934579439	0.540540541	0.666666667
1	0.523560209	0.093220339
1	0.555555556	0.555555556
1	0.543478261	0.510204082
1	0.512820513	0.507614213
0.892857143	0.571428571	0.515463918
0.847457627	0.520833333	0.577464789
0.806451613	0.537634409	0.604026846
1	0.621118012	0.662251656
1	0.578034682	0.531914894
0.902654867	0.554347826	0.51
0.357142857	0.552486188	0.479452055
0.459016393	0.537234043	0.503448276
1	1	1
1	1	1
1	1	1
1	1	1
1	0.909090909	0.540540541
1	0.909090909	0.571428571
1	0.543478261	0.819672131
1	0.534759358	0.740740741
1	0.531578947	0.841666667
1	0.598802395	0.751879699
0.980582524	0.619631902	0.534391534
0.784482759	0.601190476	0.56424581
1	0.537634409	0.623188406
1	0.520833333	0.680272109
1	0.5	0.581395349
0.927272727	0.51	0.51
0.90990991	0.615853659	0.545945946
0.613636364	0.635220126	0.526041667
1	0.606060606	0.523560209
0.745454545	0.609756098	0.661971831
0.863247863	0.545945946	0.505
0.952830189	0.68707483	0.540106952
0.52991453	0.505	0.531578947
0.525179856	0.577777778	0.530612245
1	1	1
1	1	1
0.225	1	1
0.28	0.82	1
0.415	0.68	0.92
0.43	0.615	0.83
1	1	0.835
1	1	1
0.24	1	1
0.29	0.725	0.67
0.375	0.78	0.75
0.43	0.695	0.625
1	1	0.92
1	1	1
1	0.435	1
0.41	0.71	1
0.345	0.77	0.98
0.48	1	0.915
0.245	1	1
1	1	1
0.615	0.69	1
0.26	0.735	0.785
0.365	0.67	0.88
0.42	0.65	0.91
1	1	1
1	1	1
1	1	1
1	1	1
1	1	1
1	1	1
1	0.568181818	0.847457627
1	0.568181818	0.555555556
1	0.581395349	0.81147541
1	0.549450549	0.591715976
0.952830189	0.570621469	0.583815029
0.943396226	0.543478261	0.5
0.980392157	0.571428571	0.819672131
1	0.549450549	0.806451613
0.884955752	0.574712644	0.664179104
1	0.526315789	0.666666667
0.917431193	0.523560209	0.461538462
0.775193798	0.537634409	0.5
1	0.558659218	0.555555556
0.917431193	0.540540541	0.564285714
1	0.549450549	0.551724138
0.885964912	0.543010753	0.701388889
0.627118644	0.602409639	0.436548223
0.525862069	0.568181818	0.497382199
1	1	1
1	1	1
1	1	0.961538462
1	1	0.558659218
1	1	0.558659218
1	1	0.555555556
1	0.574712644	0.568181818
1	0.578034682	0.917431193
0.98	0.529100529	0.76
0.970873786	0.606060606	0.507614213
0.971153846	0.615853659	0.554945055
0.961538462	0.571428571	0.396226415
1	0.571428571	0.655737705
1	0.549450549	0.685950413
0.98	0.549450549	0.595588235
0.918181818	0.534391534	0.524590164
0.758928571	0.529100529	0.468253968
0.926605505	0.639240506	0.540106952
0.961538462	0.552486188	0.555555556
1	0.529100529	0.5
1	0.571428571	0.520833333
0.701754386	0.675675676	0.482993197
0.394736842	0.505	0.562130178
0.466101695	0.564971751	0.502512563
1	1	0.99009901
1	1	0.917431193
1	1	0.869565217
1	1	0.900900901
1	1	0.819672131
1	1	0.943396226
1	0.574712644	0.842105263
1	0.564971751	0.833333333
1	0.564971751	0.552486188
1	0.568181818	0.692307692
1	0.531914894	0.773913043
0.961538462	0.531914894	0.554285714
1	0.534759358	0.5
0.952380952	0.534759358	0.597122302
1	0.574712644	0.666666667
1	0.568181818	0.505050505
0.877192982	0.555555556	0.546448087
0.884955752	0.518134715	0.510204082
1	0.8	0.515463918
1	0.653594771	0.502512563
0.934579439	0.571428571	0.586956522
0.840336134	0.526315789	0.479452055
0.615384615	0.523560209	0.520833333
0.67768595	0.5	0.537634409
1	1	1
1	1	1
1	1	1
1	1	0.961538462
1	1	0.531914894
1	1	0.531914894
1	0.505050505	0.757575758
1	0.531914894	0.241935484
0.99009901	0.505050505	0.1875
0.980392157	0.595238095	0.775193798
0.980392157	0.588235294	0.534759358
0.952380952	0.546448087	0.564971751
0.980392157	0.529100529	0.3203125
1	0.526315789	0.161538462
1	0.549450549	0.709219858
1	0.555555556	0.819672131
0.917431193	0.649350649	0.416666667
0.568965517	0.578034682	0.518134715
1	0.574712644	0.555555556
0.980392157	0.520833333	0.763358779
1	0.555555556	0.520833333
0.847457627	0.578034682	0.523560209
0.934579439	0.523560209	0.531914894
0.404958678	0.534759358	0.511111111
1	1	1
1	1	1
1	1	1
1	1	0.909090909
1	1	0.847457627
1	1	0.505050505
1	0.520833333	0.290322581
1	0.526315789	0.819672131
1	0.552486188	0.8
1	0.558659218	0.515463918
0.961538462	0.546448087	0.534759358
0.952380952	0.520833333	0.607142857
1	0.523560209	0.621118012
1	0.531914894	0.709219858
1	0.558659218	0.65942029
0.840336134	0.564971751	0.512820513
0.869565217	0.537634409	0.5
0.909090909	0.546448087	0.5
1	0.568181818	0.593103448
1	0.520833333	0.525925926
1	0.608433735	0.519736842
0.917431193	0.552486188	0.523560209
0.901785714	0.528795812	0.551912568
0.41322314	0.554945055	0.32173913
1	1	1
1	1	1
1	1	1
1	1	1
1	0.925925926	0.543478261
1	0.925925926	0.568181818
1	0.568181818	0.884955752
1	0.598802395	0.135135135
1	0.543010753	0.759398496
0.970873786	0.571428571	0.491666667
0.925925926	0.574712644	0.531914894
0.782608696	0.543478261	0.552486188
0.934579439	0.564971751	0.787401575
1	0.540540541	0.546448087
1	0.529100529	0.510204082
0.925925926	0.523560209	0.543478261
0.919642857	0.581920904	0.539267016
0.634920635	0.529100529	0.523560209
0.961538462	0.602409639	0.735294118
1	0.568181818	0.502512563
0.787401575	0.558659218	0.510204082
0.352459016	0.549450549	0.5
0.46875	0.563535912	0.51
0.565891473	0.542105263	0.550802139
1	1	1
1	1	1
1	1	0.704225352
1	1	0.704225352
1	1	0.704225352
1	1	0.632911392
0.980392157	0.591715976	0.892857143
0.961904762	0.55801105	0.577142857
1	0.543478261	0.526315789
0.934579439	0.598802395	0.769230769
0.971153846	0.505	0.515306122
0.971153846	0.62345679	0.534391534
0.961538462	0.591715976	0.709219858
1	0.56043956	0.662337662
1	0.561797753	0.571428571
0.970873786	0.5	0.531914894
0.927927928	0.515	0.503030303
0.611940299	0.586206897	0.545454545
0.76	0.549450549	0.620155039
1	0.552486188	0.45625
1	0.534031414	0.560810811
0.887931034	0.686666667	0.52020202
0.46969697	0.536458333	0.598837209
0.503546099	0.51	0.582857143
1	1	1
1	1	1
1	1	1
1	1	1
1	1	0.689655172
1	1	1
1	0.546448087	0.625
1	0.613496933	0.64516129
1	0.680272109	0.64516129
1	0.58045977	0.792792793
0.917431193	0.568181818	0.771929825
0.970873786	0.64516129	0.573248408
0.892857143	0.543478261	0.582677165
0.980392157	0.534759358	0.724637681
1	0.546448087	0.566929134
0.892857143	0.537634409	0.460122699
0.90990991	0.554945055	0.505
0.848739496	0.573863636	0.531578947
0.970873786	0.543478261	0.505050505
0.869565217	0.546448087	0.418604651
0.970873786	0.534759358	0.5
0.869565217	0.529100529	0.424418605
0.365853659	0.5	0.505050505
0.770992366	0.545945946	0.505
1	1	1
1	1	1
1	1	1
1	1	1
1	1	1
1	1	0.574712644
1	0.621118012	0.884955752
1	0.523560209	0.819672131
1	0.531914894	0.763358779
0.961538462	0.613496933	0.73015873
0.970873786	0.588235294	0.714285714
0.952380952	0.584795322	0.796460177
1	0.558659218	0.776
1	0.531914894	0.664285714
1	0.549450549	0.651315789
0.862068966	0.564971751	0.714285714
0.892857143	0.5	0.619047619
0.917431193	0.561797753	0.518134715
0.934579439	0.529100529	0.625
0.952380952	0.606060606	0.625
0.961904762	0.528795812	0.527272727
1	0.537234043	0.449367089
0.383333333	0.597633136	0.561111111
0.446280992	0.62345679	0.467105263
1	1	1
1	1	1
1	1	1
1	1	1
1	1	1
1	1	1
1	1	0.819672131
1	1	0.81300813
1	0.668874172	0.454545455
1	0.507537688	0.318518519
1	0.507537688	0.801587302
0.95049505	0.668874172	0.676258993
1	0.506578947	0.456692913
1	0.514851485	0.505
1	0.613095238	0.429487179
0.825242718	0.559782609	0.743801653
0.612612613	0.55952381	0.587209302
0.608695652	0.522613065	0.594936709
0.56	0.56	0.406060606
1	0.5	0.457317073
1	0.789473684	0.695945946
0.86407767	0.529069767	0.613095238
0.384615385	0.532934132	0.607843137
0.551724138	0.523809524	0.530927835
1	1	1
1	1	1
1	1	1
0.93	1	1
0.92	1	1
0.95	1	1
1	0.636942675	0.490909091
1	0.643312102	0.535433071
1	1	0.759398496
1	0.518134715	0.632478632
1	0.628930818	0.689655172
1	0.643312102	0.705035971
1	0.49	0.447154472
1	0.5	0.655629139
1	0.63125	0.447552448
1	0.827868852	0.542372881
1	0.63190184	0.607142857
1	0.63190184	0.537634409
1	0.5	0.424460432
1	0.278571429	0.547770701
0.836538462	0.592814371	0.590909091
0.86407767	0.48447205	0.543010753
0.621848739	0.53	0.53
0.491935484	0.63803681	0.528795812
1	1	1
1	1	1
1	1	1
1	1	1
1	1	1
1	1	0.99009901
1	1	0.446280992
1	0.62804878	0.688073394
1	1	0.547826087
1	0.570621469	0.713178295
1	0.706293706	0.813559322
0.942857143	0.628742515	0.598802395
1	0.49	0.81300813
1	0.528571429	0.448529412
0.841584158	0.706293706	0.505
1	0.612121212	0.580838323
0.826923077	0.601156069	0.551912568
0.570175439	0.574585635	0.533333333
1	0.5	0.521212121
1	0.533980583	0.705479452
1	0.402439024	0.632352941
0.636363636	0.608187135	0.530927835
0.34375	0.54	0.561111111
0.455284553	0.525	0.52284264
1	1	0.53
1	1	0.934579439
1	1	0.934579439
1	1	0.980392157
1	1	0.961538462
1	1	1
1	1	0.525423729
1	0.694444444	0.826446281
1	0.587209302	0.611111111
1	0.598802395	0.5
1	0.5	0.638709677
1	0.586206897	0.804878049
1	1	0.575
1	1	0.488505747
1	0.525641026	0.776923077
0.618181818	0.54601227	0.598837209
0.561403509	0.55801105	0.570588235
0.533898305	0.571428571	0.506410256
1	0.5	0.432258065
1	0.529411765	0.603550296
0.630630631	0.393333333	0.502512563
0.56557377	0.51	0.524137931
0.441666667	0.515	0.581920904
0.427480916	0.577380952	0.510204082
1	1	0.55
1	1	0.57
1	1	0.57
1	1	1
1	1	0.689655172
1	0.917431193	1
1	0.769230769	0.551724138
1	1	0.558139535
1	0.571428571	0.561983471
0.770992366	0.668874172	0.622047244
1	0.5	0.62745098
1	0.51	0.582822086
1	0.51	0.161764706
1	0.680272109	0.591715976
1	0.703448276	0.49382716
1	0.596491228	0.576271186
0.610619469	0.505	0.604790419
0.609375	0.548913043	0.510526316
1	0.52	0.496598639
1	0.55	0.555555556
0.852941176	0.525974026	0.610778443
0.460869565	0.56741573	0.505
0.365079365	0.502793296	0.52020202
0.430894309	0.533742331	0.481927711
1	0.699300699	0.5
1	0.699300699	0.5
1	0.699300699	0.595238095
1	0.699300699	0.537634409
0.91	0.598802395	0.564971751
0.96	0.640522876	0.534759358
1	0.61	0.630252101
1	0.59	0.5
1	0.63	0.473372781
1	0.714285714	0.540540541
1	0.570621469	0.520618557
1	0.534391534	0.649350649
1	0.61	0.483870968
1	0.637254902	0.684210526
1	0.615384615	0.464864865
1	0.653465347	0.628930818
0.576576577	0.534391534	0.619354839
0.511627907	0.523076923	0.53125
0.5	0.564971751	0.5
0.594059406	0.594059406	0.551282051
0.588235294	0.509090909	0.523076923
0.508474576	0.534391534	0.505
0.347107438	0.505	0.505
0.474074074	0.561728395	0.478571429
1	1	0.631067961
1	1	0.640776699
1	1	0.819672131
1	1	0.8
1	1	0.632911392
0.9	1	0.584795322
1	1	0.572580645
1	1	0.2
1	1	0.753731343
1	0.814516129	0.512690355
1	0.77037037	0.776859504
0.796296296	0.613496933	0.791666667
1	1	0.588235294
1	0.61	0.453947368
1	0.6	0.6
1	0.54109589	0.505494505
0.782178218	0.55801105	0.610738255
0.515384615	0.551912568	0.521276596
0.73	0.64	0.431506849
0.634782609	0.64	0.699300699
1	0.564935065	0.526041667
0.566929134	0.534246575	0.602649007
0.410447761	0.52	0.619047619
0.442857143	0.579268293	0.515151515
1	1	0.900900901
1	1	0.900900901
1	1	0.657894737
0.93	1	0.900900901
1	1	0.877192982
1	1	0.561797753
1	1	0.488888889
1	1	0.514925373
1	1	0.765625
1	0.784615385	0.568345324
1	0.51	0.613636364
0.87254902	0.576271186	0.534031414
1	0.52	0.5
1	1	0.505
1	0.558823529	0.492307692
1	1	0.556818182
1	0.561111111	0.524590164
0.681415929	0.538888889	0.392523364
1	0.5	0.333333333
1	0.5	0.489247312
1	0.505	0.505
0.526315789	0.588957055	0.554285714
0.401459854	0.574626866	0.517766497
0.468253968	0.635294118	0.571428571
1	1	0.47
1	1	0.48
1	1	0.48
1	1	0.51552795
1	1	0.934579439
0.84	1	0.523560209
1	1	0.008928571
1	0.591715976	0.541436464
1	1	0.675675676
1	0.581395349	0.511494253
1	0.526041667	0.508108108
0.672566372	0.787401575	0.529411765
1	0.473988439	0.488888889
1	0.502923977	0.43442623
1	1	0.505
1	0.502512563	0.518134715
0.637168142	0.507537688	0.621848739
1	0.589595376	0.603174603
1	0.5	0.507936508
1	0.58	0.5
1	0.524390244	0.542553191
0.357142857	0.585034014	0.528497409
0.606837607	0.505	0.550898204
0.462121212	0.562162162	0.5
1	1	0.57
1	1	0.58
1	1	0.59
1	1	1
1	1	0.59
1	1	1
1	1	0.892857143
1	1	0.244274809
1	1	0.572519084
1	0.721428571	0.788617886
1	0.660130719	0.742424242
1	0.689189189	0.748031496
1	1	0.536585366
1	1	0.657894737
0.831683168	0.716312057	0.770992366
1	0.66025641	0.512987013
1	0.535	0.645390071
0.617391304	0.624242424	0.575
1	0.5	0.578034682
0.57	0.57	0.649350649
1	0.595238095	0.518918919
0.577586207	0.608187135	0.5625
0.472868217	0.635294118	0.668918919
0.430656934	0.66875	0.475675676
1	1	0.58
1	1	0.58
1	1	1
1	1	0.62
0.93	1	1
0.9	1	1
1	1	0.4
1	1	0.524137931
1	0.770992366	0.753968254
1	0.590643275	0.720930233
1	0.617647059	0.786885246
1	0.724137931	0.841666667
1	0.6	0.470588235
1	0.561904762	0.777777778
1	0.54368932	0.659722222
0.788461538	0.604651163	0.727272727
0.778846154	0.544502618	0.518716578
0.570247934	0.596590909	0.561497326
0.52	0.52	0.535483871
1	0.3125	0.703448276
0.385826772	0.520231214	0.341772152
1	0.55483871	0.542168675
0.55	0.541666667	0.541666667
0.596774194	0.555	0.796992481
1	1	0.56
1	1	0.59
0.9	1	0.62
1	1	0.64
0.95	1	0.61
1	1	1
1	1	0.081300813
1	1	0.550847458
1	1	0.609756098
1	0.63125	0.609375
1	0.660377358	0.682119205
0.831683168	0.643312102	0.650684932
1	1	0.457364341
1	1	0.587209302
1	0.764705882	0.52
1	0.578651685	0.588652482
1	0.613095238	0.616766467
0.760683761	0.52	0.604938272
1	0.59	0.459459459
1	0.529411765	0.516129032
1	0.670731707	0.700636943
0.601694915	0.527777778	0.605095541
0.384615385	0.515	0.525510204
0.569105691	0.53	0.555555556
1	1	1
1	1	1
1	1	1
1	1	1
1	1	1
1	1	1
1	1	0.009090909
1	1	0.158730159
1	0.632911392	0.699300699
1	0.653594771	0.826446281
1	0.549450549	0.746268657
0.980582524	0.505	0.837837838
1	1	0.8
1	0.729927007	0.598802395
1	1	0.678321678
0.925925926	0.581395349	0.337748344
0.919642857	0.62804878	0.596273292
0.936363636	0.542105263	0.587837838
1	1	0.162162162
0.7890625	1	0.668874172
0.73015873	1	0.586956522
0.85	0.641509434	0.708333333
0.858333333	0.578651685	0.561111111
0.474576271	0.487804878	0.615853659
1	0.746268657	1
1	0.746268657	0.384057971
1	0.746268657	0.64516129
1	0.657894737	0.712871287
1	0.746268657	0.5
1	0.746268657	0.613496933
1	0.52	0.5
1	0.588235294	0.5
0.731884058	0.504950495	0.505
1	0.559748428	0.520958084
0.930693069	0.587209302	0.540322581
0.910891089	0.55801105	0.505
1	0.377777778	0.5
1	0.391304348	0.5
0.900990099	0.414285714	0.505
0.579439252	0.523560209	0.5
0.559633028	0.5	0.561728395
0.470588235	0.5125	0.515337423
1	0.5	0.483695652
1	0.45	0.5
1	0.373239437	0.48
0.35483871	0.434782609	0.505
0.31147541	0.515151515	0.562130178
0.432	0.487804878	0.485549133
1	1	0.512048193
1	1	0.641025641
1	0.833333333	0.5
1	0.628930818	0.5
0.94	0.628930818	0.58
1	0.5	0.505050505
1	0.423357664	0.5
1	0.45323741	0.444444444
0.920792079	0.834710744	0.505
1	0.514124294	0.526315789
0.9	0.560240964	0.507614213
0.752293578	0.575757576	0.52688172
1	0.423076923	0.5
1	0.438461538	0.540540541
1	0.519553073	0.505
0.644230769	0.508379888	0.561797753
0.614035088	0.49	0.520958084
0.633027523	0.538922156	0.534161491
0.5	0.6	0.5
1	0.552147239	0.5
1	0.425149701	0.505
0.65625	0.516853933	0.493670886
0.296875	0.562874251	0.514450867
0.34351145	0.539473684	0.534883721
1	0.684931507	0.662251656
1	0.684931507	0.531914894
1	0.684931507	0.555555556
0.89	0.621118012	0.526315789
1	0.684931507	0.591715976
1	0.561797753	0.685714286
1	0.555555556	0.518072289
1	0.561797753	0.41011236
1	0.552486188	0.518134715
1	0.571428571	0.475138122
0.99009901	0.526315789	0.543478261
0.92	0.5	0.518716578
1	0.3828125	0.578034682
1	0.574257426	0.533707865
1	0.439393939	0.526627219
0.85	0.537634409	0.5
0.569230769	0.528205128	0.543010753
0.555555556	0.531578947	0.494318182
1	0.5	0.478787879
0.729927007	0.4	0.523560209
1	0.518987342	0.487179487
0.452380952	0.474285714	0.56
0.336	0.515151515	0.51
0.363636364	0.426829268	0.521978022
1	1	1
1	1	1
1	1	1
1	1	1
1	1	1
1	1	1
1	0.787401575	0.714285714
1	1	0.036363636
1	1	0.89380531
1	0.709219858	0.826446281
0.961904762	0.594117647	0.755905512
0.787037037	0.653846154	0.585798817
1	1	0.628930818
1	1	0.234899329
1	1	0.75
1	0.540540541	0.558659218
0.919642857	0.620481928	0.624161074
0.879310345	0.614285714	0.537037037
1	1	0.702898551
0.787401575	0.735294118	0.546448087
1	0.716312057	0.497005988
0.877192982	0.591715976	0.525974026
0.657894737	0.48603352	0.766917293
0.455223881	0.61971831	0.505263158
1	0.740740741	0.5
1	0.740740741	0.563758389
1	0.740740741	0.5
1	1	0.523560209
1	1	0.67114094
1	0.925925926	0.534759358
1	0.67114094	0.5
1	0.571428571	0.520833333
1	0.617283951	0.557251908
1	0.609756098	0.561290323
0.83	0.568181818	0.5
1	0.617283951	0.533333333
1	0.662251656	0.5
1	0.662251656	0.481012658
0.91	0.67114094	0.518324607
1	0.64516129	0.494791667
0.614678899	0.593023256	0.642857143
0.582608696	0.523560209	0.506410256
1	0.5	0.5
1	0.474576271	0.523560209
0.544554455	0.544554455	0.551912568
0.568807339	0.428571429	0.44047619
0.379032258	0.488764045	0.507614213
0.438848921	0.5	0.5
1	1	0.4921875
1	1	0.497409326
0.86	1	0.520710059
1	1	0.510204082
1	0.854700855	0.546448087
0.87	0.8	0.571428571
1	1	0.468965517
1	0.735294118	0.541666667
1	0.696551724	0.55801105
1	0.587209302	0.505813953
1	0.666666667	0.62295082
0.900990099	0.583815029	0.507537688
1	1	0.50931677
1	0.467455621	0.510638298
1	0.748148148	0.618055556
1	0.47752809	0.520408163
0.518181818	0.51	0.533333333
0.708333333	0.649681529	0.552631579
1	0.5	0.540540541
1	0.55	0.556213018
1	0.307692308	0.480446927
0.699186992	0.530927835	0.525510204
0.387596899	0.51	0.482993197
0.435114504	0.515	0.515
1	0.757575758	0.537634409
1	0.757575758	0.5
1	0.757575758	0.5
1	0.757575758	0.5
1	0.757575758	0.625899281
1	0.757575758	0.653465347
1	0.588235294	0.483333333
1	0.46	0.552486188
1	0.621118012	0.526315789
1	0.561797753	0.510526316
1	0.510204082	0.5
1	0.578034682	0.598484848
1	0.56	0.540540541
1	0.57	0.5
1	0.507692308	0.540229885
1	0.469273743	0.5
1	0.512820513	0.507853403
0.7	0.510989011	0.531468531
1	0.437956204	0.5
0.58	0.58	0.505050505
0.38	0.507614213	0.507614213
0.615384615	0.452554745	0.493421053
0.361538462	0.515306122	0.505
0.434108527	0.502793296	0.478571429
1	1	1
1	1	1
1	1	1
1	1	1
1	1	1
1	1	1
1	1	0.173553719
1	0.724637681	0.366197183
1	1	0.8
0.952380952	0.561797753	0.775193798
0.952830189	0.615853659	0.821428571
0.934579439	0.5	0.751937984
1	1	0.67114094
1	1	0.772727273
1	1	0.714285714
1	0.619631902	0.630434783
0.891089109	0.577142857	0.691780822
0.903508772	0.569060773	0.612903226
1	1	0.564971751
1	1	0.666666667
0.765151515	1	0.74015748
0.897435897	0.729166667	0.561497326
0.841666667	0.505	0.469072165
0.50877193	0.605882353	0.639751553
1	1	0.5
1	1	0.52
1	1	0.52
0.94	1	0.925925926
1	1	0.53
0.95	1	1
1	1	0.018018018
1	0.729927007	0.331210191
1	0.71942446	0.559322034
0.851485149	0.597633136	0.528735632
0.87254902	0.589595376	0.68707483
0.932692308	0.597701149	0.75862069
1	1	0.640522876
0.96039604	1	0.485875706
1	1	0.757352941
1	0.746376812	0.603550296
0.585585586	0.703448276	0.746153846
0.946428571	0.625698324	0.56
1	0.59	0.546511628
1	0.574257426	0.554945055
1	0.589595376	0.527777778
0.457627119	0.54	0.547486034
0.416	0.515	0.488764045
0.447761194	0.590643275	0.519337017
1	1	0.63
1	1	0.66
1	1	0.66
1	1	0.65
0.97	0.729927007	0.917431193
1	0.588235294	1
1	0.63	0.609756098
0.93	0.574074074	0.350364964
1	0.563636364	0.894736842
1	0.590361446	0.673333333
0.95049505	0.590643275	0.635220126
0.720720721	0.717391304	0.6
1	0.64	0.528409091
1	0.63	0.456521739
1	0.669902913	0.4921875
1	0.561111111	0.512690355
0.731481481	0.515	0.534031414
0.669565217	0.610465116	0.548571429
0.66	0.66	0.562874251
0.663366337	0.663366337	0.56424581
0.702970297	0.56547619	0.513812155
0.727272727	0.591954023	0.542372881
0.598214286	0.52	0.534031414
0.557377049	0.53	0.569892473
1	1	0.54
1	1	0.54
1	1	0.877192982
1	1	1
1	1	0.900900901
0.93	1	0.783018868
0.763358779	0.751879699	0.484375
1	0.757575758	0.147826087
1	0.664473684	0.742424242
1	0.709219858	0.708661417
0.891089109	0.505	0.552325581
1	0.51	0.558823529
1	1	0.470149254
1	1	0.706766917
1	0.576271186	0.540983607
0.873786408	0.635802469	0.567375887
0.669642857	0.52	0.527918782
0.621848739	0.640718563	0.496551724
0.71942446	0.423076923	0.433566434
1	0.505	0.650684932
1	0.524822695	0.515151515
1	0.555555556	0.527918782
0.603448276	0.525	0.621301775
0.477272727	0.651006711	0.506849315
1	1	1
1	1	1
1	0.502512563	1
1	0.502512563	1
1	0.502512563	1
1	0.502512563	1
1	1	0.082644628
1	1	0.910714286
1	1	0.216080402
0.981132075	0.522613065	0.522613065
0.972222222	0.525	0.396984925
0.954545455	0.502512563	0.477386935
1	0.625	0.5
1	1	0.231155779
1	0.795454545	0.527638191
1	0.53	0.53
0.957983193	0.572864322	0.57
0.973451327	0.454545455	0.55
0.61	1	0.157142857
1	1	0.512562814
0.846774194	1	0.525
0.965517241	0.56281407	0.56
0.951219512	1	0.565
0.8	0.6	0.53
1	1	1
1	1	1
1	1	0.99009901
1	1	0.99009901
1	1	0.598802395
1	1	0.531914894
1	1	0.5
1	1	0.625
1	1	0.526595745
1	0.554945055	0.505
0.952830189	0.561111111	0.505
0.927272727	0.603550296	0.515151515
1	1	0.5
1	0.534391534	0.827868852
1	1	0.507537688
0.925925926	0.529100529	0.5
0.953271028	0.53968254	0.512562814
0.900900901	0.694444444	0.502512563
1	1	0.5
1	1	0.68707483
1	1	0.505
0.854700855	0.581395349	0.401408451
0.894736842	0.684563758	0.517766497
0.424242424	0.798449612	0.51758794
1	1	1
1	1	0.99009901
1	1	0.99009901
1	1	0.613496933
1	1	0.5
0.85	1	0.515463918
1	0.574712644	0.476190476
1	0.574712644	0.468468468
1	0.571428571	0.632911392
1	0.558659218	0.597560976
1	0.555555556	0.526315789
0.78	0.5	0.512820513
1	0.568181818	0.5
1	0.574712644	0.190839695
1	0.578034682	0.5
0.83	0.491525424	0.508379888
0.4	0.561797753	0.5
0.441860465	0.546448087	0.510204082
0.54	0.54	0.609756098
1	0.578034682	0.505050505
1	0.571428571	0.510067114
0.590909091	0.531073446	0.525139665
0.360655738	0.371212121	0.5
0.485074627	0.564971751	0.454545455
1	1	0.793650794
1	1	0.854700855
1	1	0.917431193
1	1	0.952380952
1	1	0.858490566
0.94	1	0.512820513
1	0.740740741	0.591666667
1	1	0.699300699
1	0.744525547	0.51
1	0.555555556	0.529100529
1	0.666666667	0.736842105
1	0.552486188	0.507692308
1	0.55	0.689655172
1	0.564356436	0.546448087
1	0.588235294	0.728571429
1	0.537634409	0.523316062
1	0.572222222	0.515
1	0.698630137	0.523178808
1	0.4	0.494382022
1	0.557692308	0.625766871
0.871287129	0.554945055	0.507537688
0.588235294	0.54973822	0.551351351
0.546218487	0.556756757	0.448717949
0.451612903	0.555	0.54973822
1	0.69	0.869565217
1	0.72	0.862068966
1	0.7	0.869565217
0.82	0.658730159	0.628930818
0.8	0.621118012	0.636942675
1	0.621118012	0.751879699
1	0.7	0.411764706
1	0.69	0.43030303
1	0.626984127	0.502923977
1	0.609929078	0.721311475
0.790909091	0.574712644	0.684931507
1	0.542105263	0.715328467
0.714285714	0.68	0.641025641
1	0.591194969	0.484076433
0.696721311	0.64516129	0.56626506
0.723214286	0.542168675	0.606451613
0.743362832	0.531428571	0.494791667
0.655172414	0.548387097	0.657342657
0.71	0.71	0.402298851
0.739837398	0.579617834	0.576271186
0.672413793	0.673267327	0.507692308
0.565217391	0.593333333	0.536842105
0.741071429	0.515	0.536458333
0.468253968	0.597701149	0.526041667
1	1	0.46
1	1	0.48
1	1	0.917431193
1	1	0.757575758
1	1	0.613496933
0.93	1	0.758064516
1	0.543478261	0.415929204
1	0.632911392	0.369565217
0.9	0.591715976	0.484848485
1	0.598837209	0.872881356
0.81	0.543478261	0.532608696
1	0.636942675	0.652173913
1	0.65	0.5
1	1	0.67114094
1	0.593023256	0.50955414
0.629310345	0.580110497	0.724137931
0.885714286	0.525	0.547368421
1	0.612716763	0.615384615
0.66	0.49122807	0.529100529
1	0.520467836	0.505
1	0.59375	0.515
1	0.625	0.497354497
0.575	0.53	0.556213018
0.580645161	0.579234973	0.547169811
1	1	1
1	1	1
1	1	1
1	1	1
1	1	1
1	1	1
1	0.59	0.026785714
1	1	0.879310345
1	0.666666667	0.902654867
1	0.653846154	0.56741573
1	0.523076923	0.542372881
1	0.952380952	0.518716578
1	0.6	0.8
1	0.607843137	0.4609375
1	0.673267327	0.776
1	0.687116564	0.758064516
0.931372549	0.51	0.526041667
0.801724138	0.644970414	0.569892473
0.59	0.496503497	0.688888889
1	0.525	0.547945205
1	0.650485437	0.593103448
0.650793651	0.612121212	0.55
0.512605042	0.545	0.503030303
0.510791367	0.553299492	0.54822335
1	1	1
1	1	1
1	1	1
1	1	1
1	1	1
0.95	1	1
1	0.62	0.854700855
1	0.59	0.925925926
1	0.708333333	0.540540541
1	0.63030303	0.845528455
1	0.851851852	0.90990991
0.901960784	0.689189189	0.680555556
1	0.57	0.5
1	0.623762376	0.691729323
1	0.601941748	0.591194969
0.675675676	0.555555556	0.709459459
0.887850467	0.563157895	0.547486034
0.720720721	0.56626506	0.543147208
0.38	0.62	0.5
1	0.538461538	0.551948052
1	0.605769231	0.52
0.473684211	0.56875	0.538461538
0.615384615	0.539772727	0.540816327
0.62601626	0.593939394	0.576530612
1	1	1
1	1	1
1	1	1
1	1	1
1	1	1
0.9	1	1
1	1	0.115044248
1	1	0.900900901
1	0.713286713	0.513761468
1	0.658064516	0.559055118
0.881188119	0.573863636	0.860869565
1	0.616766467	0.712121212
1	0.51	0.409448819
1	0.584158416	0.721428571
1	0.547945205	0.737226277
1	0.668831169	0.712230216
0.847619048	0.58988764	0.53038674
1	0.660714286	0.714285714
1	0.5	0.591715976
1	0.50617284	0.541666667
1	0.539568345	0.585798817
0.380165289	0.689440994	0.575129534
0.644067797	0.646706587	0.595505618
0.544	0.590673575	0.739837398
1	1	1
1	1	1
1	1	1
0.93	1	0.884955752
0.909090909	1	0.763358779
1	1	0.609756098
1	0.42	0.366071429
1	0.666666667	0.360294118
0.920792079	0.619631902	0.445454545
0.811881188	0.68707483	0.76
0.87	0.5	0.512820513
0.941176471	0.614457831	0.534031414
1	0.429530201	0.653594771
1	0.474285714	0.746268657
1	0.552795031	0.561983471
0.92	0.561797753	0.766129032
0.895652174	0.539267016	0.585227273
0.486956522	0.586206897	0.51
0.53	0.398648649	0.740740741
1	0.535714286	0.573964497
0.709219858	0.538461538	0.577464789
0.542635659	0.508196721	0.512690355
0.549180328	0.525	0.522988506
0.594827586	0.618055556	0.549132948
1	0.757575758	0.699300699
1	0.757575758	0.699300699
0.980392157	0.757575758	0.943396226
0.925925926	0.735294118	0.787401575
1	0.735294118	0.64516129
1	0.735294118	0.900900901
1	0.746268657	0.648648649
1	0.46	0.632911392
0.925925926	0.740740741	0.540983607
0.980582524	0.594117647	0.805084746
0.99009901	0.609756098	0.507614213
0.980392157	0.714285714	0.616352201
1	0.493421053	0.388888889
1	0.509259259	0.417721519
0.970873786	0.432926829	0.642857143
1	0.485207101	0.526041667
0.614035088	0.51	0.75
0.705357143	0.634146341	0.635761589
0.970873786	0.435714286	0.389534884
0.891089109	0.505	0.416666667
0.693877551	0.454545455	0.555555556
0.550458716	0.508108108	0.574074074
0.473684211	0.543010753	0.539772727
0.456	0.532163743	0.530927835
1	1	0.925925926
1	1	0.934579439
1	1	0.892857143
0.99009901	1	0.869565217
0.93	1	0.740740741
1	1	0.699300699
1	0.735294118	0.428571429
1	0.787401575	0.561797753
0.961904762	0.770992366	0.780487805
1	0.673333333	0.691780822
1	0.67114094	0.459677419
1	0.765151515	0.715384615
0.99009901	0.52	0.60130719
0.990291262	0.766917293	0.842975207
1	0.542253521	0.713178295
1	0.520958084	0.554347826
0.560344828	0.578947368	0.655629139
0.526717557	0.553571429	0.578947368
0.57	0.57	0.574712644
0.980582524	0.505	0.655844156
0.871287129	0.49704142	0.543010753
1	0.662337662	0.659722222
0.392	0.604790419	0.51010101
0.417910448	0.515306122	0.510204082
1	0.704225352	0.787401575
1	0.694444444	0.598639456
1	0.704225352	0.662251656
1	0.704225352	0.67114094
1	0.78125	0.606060606
1	0.546448087	0.621118012
1	0.412587413	0.819672131
0.980392157	0.458333333	0.5
1	0.42	0.64516129
0.980582524	0.488235294	0.526041667
0.91	0.549450549	0.512820513
0.88	0.540540541	0.537634409
1	0.54	0.551020408
0.751879699	0.410071942	0.625
1	0.485714286	0.502512563
1	0.497005988	0.51010101
1	0.523560209	0.521276596
0.504273504	0.612903226	0.522012579
0.53	0.361290323	0.5
1	0.5	0.520833333
0.582524272	0.582524272	0.5
0.412280702	0.497175141	0.512690355
0.322834646	0.497297297	0.481481481
0.362204724	0.51010101	0.475609756
1	0.689655172	1
1	0.735294118	1
1	0.735294118	1
1	0.735294118	0.518134715
1	0.735294118	0.705035971
1	0.653594771	0.595092025
1	0.588235294	0.586956522
0.940594059	0.56741573	0.87826087
1	0.601190476	0.726618705
1	0.675675676	0.5
0.98	0.585526316	0.502512563
0.735294118	0.580645161	0.702702703
1	0.5	0.5
1	0.581395349	0.502512563
1	0.591715976	0.553072626
0.841584158	0.56741573	0.512690355
0.735294118	0.558659218	0.6
0.526315789	0.523809524	0.617886179
1	0.5	0.636942675
0.727272727	0.520325203	0.505
0.705882353	0.50617284	0.583333333
0.607692308	0.464968153	0.512690355
0.347457627	0.515306122	0.517948718
0.444444444	0.58045977	0.551282051
1	0.740740741	1
1	0.740740741	1
1	0.740740741	0.534759358
1	0.740740741	0.534759358
0.91	0.64516129	0.65248227
1	0.64516129	0.592
1	0.71942446	0.582677165
1	0.531914894	0.854700855
1	0.531914894	0.529100529
1	0.510204082	0.571428571
1	0.641025641	0.520833333
1	0.55801105	0.595890411
1	0.529100529	0.488549618
1	0.383561644	0.510204082
0.970873786	0.588235294	0.518134715
1	0.507614213	0.057142857
0.4375	0.5	0.510204082
0.644859813	0.523560209	0.630573248
1	0.5	0.608695652
0.980392157	0.321428571	0.521052632
1	0.413580247	0.515463918
0.344537815	0.512987013	0.507614213
0.333333333	0.463855422	0.51010101
0.359375	0.5	0.49704142
1	1	0.943396226
1	1	0.640522876
1	1	0.689655172
1	1	0.714285714
1	1	0.709219858
1	1	0.680272109
1	0.746268657	0.5
0.980392157	0.71942446	0.552486188
1	0.714285714	0.571428571
1	0.558659218	0.64516129
1	0.606060606	0.531914894
0.891089109	0.621621622	0.572254335
1	0.360294118	0.657894737
1	0.468531469	0.555555556
0.85	0.574712644	0.538461538
1	0.520833333	0.609756098
0.631147541	0.531914894	0.546448087
0.627272727	0.546448087	0.534759358
1	0.5	0.583850932
1	0.505	0.701388889
1	0.476190476	0.502994012
0.390977444	0.488764045	0.575
0.379032258	0.535714286	0.541666667
0.421875	0.564417178	0.452702703
1	0.787401575	1
1	0.787401575	0.735294118
1	0.763358779	0.636942675
1	0.787401575	0.62987013
1	0.763358779	0.534759358
1	0.763358779	0.609756098
1	0.714285714	0.862068966
1	0.388489209	0.515151515
1	0.675675676	0.713235294
0.961538462	0.552631579	0.644067797
1	0.574712644	0.515463918
1	0.546448087	0.621621622
1	0.4	0.5
1	0.350746269	0.653594771
0.961904762	0.554945055	0.531428571
1	0.523560209	0.512195122
0.642201835	0.515463918	0.520833333
0.598214286	0.515463918	0.527777778
0.900900901	0.468468468	0.64516129
0.943396226	0.456647399	0.5
0.943396226	0.441176471	0.5
0.530434783	0.537234043	0.51010101
0.421487603	0.505050505	0.534759358
0.453846154	0.488764045	0.51744186
1	1	1
1	1	1
1	1	0.943396226
1	1	0.523560209
1	1	0.523560209
1	1	0.518134715
1	0.757575758	0.626760563
0.769230769	0.523560209	0.538461538
1	0.578034682	0.572727273
1	0.537634409	0.520833333
1	0.628930818	0.520833333
0.961538462	0.566037736	0.682242991
1	0.523560209	0.632
1	0.704225352	0.662251656
0.980392157	0.4375	0.479674797
1	0.512820513	0.5
0.574074074	0.518134715	0.510204082
0.47826087	0.558659218	0.518134715
0.729927007	0.288732394	0.598802395
0.67114094	0.304347826	0.518134715
0.952830189	0.485714286	0.540983607
0.341463415	0.491428571	0.5
0.534482759	0.512820513	0.551020408
0.416666667	0.5	0.507614213
1	1	0.934579439
1	1	0.952380952
1	0.819672131	0.869565217
1	1	0.546448087
1	1	0.666666667
1	1	0.507614213
1	0.751879699	0.833333333
1	0.900900901	0.763779528
1	0.564971751	0.624113475
0.980392157	0.558659218	0.536723164
1	0.684931507	0.806722689
1	0.795275591	0.52247191
0.83	0.485714286	0.527559055
1	0.482954545	0.740740741
1	0.511235955	0.574074074
1	0.613496933	0.574850299
1	0.5	0.549450549
0.648648649	0.513661202	0.585987261
0.806451613	0.474452555	0.666666667
1	0.5	0.52238806
1	0.335526316	0.578034682
1	0.564971751	0.518134715
0.557522124	0.515463918	0.520833333
0.362903226	0.526315789	0.5
1	0.61	0.877358491
1	0.439716312	0.909090909
1	0.505681818	0.793650794
1	0.78125	0.653594771
1	0.961538462	0.555555556
0.980392157	0.606060606	0.564971751
0.980392157	0.463235294	0.823529412
1	0.410596026	0.692857143
0.952380952	0.450704225	0.558659218
1	0.558659218	0.549450549
0.833333333	0.466666667	0.544444444
0.911764706	0.552486188	0.559322034
0.970873786	0.36875	0.64516129
0.677419355	0.464480874	0.598726115
0.99009901	0.653594771	0.543478261
0.980392157	0.45505618	0.483870968
0.564102564	0.578034682	0.530054645
0.8	0.48427673	0.523809524
0.806451613	0.453846154	0.605263158
0.751879699	0.420289855	0.6
0.704918033	0.636942675	0.543478261
0.348148148	0.567307692	0.534391534
0.431654676	0.414634146	0.5
0.40625	0.488764045	0.507614213
1	1	0.952380952
1	1	0.952380952
1	1	0.961538462
1	1	0.537634409
1	1	0.537634409
1	1	0.779661017
1	0.606060606	0.869565217
1	0.621118012	0.869565217
1	0.534759358	0.531914894
1	0.537634409	0.834782609
1	0.534759358	0.502512563
1	0.584795322	0.507614213
0.925925926	0.78125	0.643356643
1	0.534759358	0.529100529
1	0.621118012	0.681818182
0.81	0.571428571	0.520833333
0.568807339	0.534759358	0.385826772
0.481818182	0.574712644	0.584507042
1	0.371900826	0.585526316
1	0.5	0.601265823
0.787401575	0.531914894	0.720930233
0.495867769	0.244274809	0.6
0.375	0.625	0.451388889
0.52173913	0.494117647	0.473684211
1	1	1
1	1	1
1	1	1
1	1	0.520833333
1	1	0.125
1	0.92	0.477876106
1	0.537634409	0.2734375
1	0.540540541	0.096491228
1	0.534759358	0.515463918
0.943396226	0.555555556	0.163461538
0.917431193	0.549450549	0.456896552
0.952380952	0.546448087	0.526627219
1	0.621118012	0.5
1	0.588235294	0.5
1	0.581395349	0.039215686
0.925925926	0.546448087	0.527472527
0.925925926	0.515463918	0.5625
0.900900901	0.49375	0.515873016
0.58	0.578034682	0.5
1	0.621118012	0.632911392
1	0.709219858	0.480519481
0.634782609	0.529100529	0.515463918
0.840336134	0.466257669	0.496688742
0.385826772	0.459627329	0.455172414
1	1	1
1	1	1
1	1	1
1	1	1
1	1	1
1	0.869565217	0.900900901
1	0.540540541	0.876106195
1	0.71942446	0.892857143
1	0.649350649	0.79338843
1	0.540540541	0.757575758
0.92	0.362204724	0.602564103
1	0.613496933	0.616438356
0.92	0.595238095	0.5
1	0.546448087	0.649350649
1	0.588235294	0.636942675
0.917431193	0.555555556	0.5
0.676691729	0.518134715	0.632911392
0.47008547	0.606060606	0.488636364
0.980392157	0.5	0.5
1	0.3828125	0.555555556
0.671875	0.537634409	0.485380117
0.709219858	0.5	0.494318182
0.415254237	0.527777778	0.592356688
0.384	0.5	0.534759358
1	1	1
1	1	0.740740741
1	0.840336134	0.769230769
1	1	0.64516129
0.99009901	0.819672131	0.598802395
1	0.81300813	0.561797753
0.943396226	0.472222222	0.783333333
1	0.494444444	0.533333333
0.943396226	0.489010989	0.782258065
1	0.519553073	0.5
1	0.5	0.5
0.773109244	0.584415584	0.575581395
1	0.466666667	0.44375
1	0.478021978	0.541984733
1	0.5	0.510204082
0.935185185	0.502762431	0.515306122
0.633027523	0.523529412	0.505555556
0.53125	0.551912568	0.531578947
0.48	0.468571429	0.572327044
0.666666667	0.591715976	0.5
0.603960396	0.481283422	0.51010101
0.484126984	0.421052632	0.46961326
0.41958042	0.560240964	0.548913043
0.476923077	0.528409091	0.53125
1	1	1
1	1	1
1	0.900900901	1
0.99009901	0.787401575	0.22
1	0.793650794	0.411764706
1	0.793650794	0.448598131
1	0.595238095	0.864864865
0.99009901	0.641025641	0.504504505
1	0.578034682	0.531914894
0.99009901	0.609756098	0.620689655
1	0.609756098	0.466666667
1	0.543010753	0.585034014
1	0.714285714	0.758064516
1	0.531914894	0.598802395
1	0.505050505	0.108108108
1	0.552486188	0.510204082
0.408695652	0.502512563	0.547008547
0.428571429	0.534759358	0.512820513
0.8	0.8	0.530864198
0.980392157	0.473988439	0.5
0.689655172	0.523560209	0.5
0.48245614	0.526315789	0.5
0.572649573	0.5	0.451851852
0.404958678	0.543478261	0.544378698
1	1	1
1	1	1
1	1	0.531914894
1	1	0.531914894
1	0.8	0.65034965
1	0.84	0.461538462
1	0.621118012	0.793650794
1	0.746268657	0.335664336
1	0.529100529	0.486666667
0.903846154	0.537634409	0.460869565
0.943925234	0.507537688	0.51010101
0.943396226	0.518134715	0.618055556
1	0.531914894	0.230215827
1	0.555555556	0.131386861
1	0.561111111	0.605263158
1	0.555555556	0.523809524
0.840707965	0.490797546	0.503030303
0.877192982	0.451807229	0.534883721
0.93	0.613496933	0.6
0.96	0.531914894	0.614864865
1	0.561797753	0.510204082
0.862068966	0.564971751	0.452830189
0.901785714	0.590643275	0.5
0.421875	0.417177914	0.428571429
1	0.99009901	0.970873786
1	0.99009901	0.445544554
1	0.99009901	0.970873786
1	0.99009901	0.751879699
1	0.99009901	0.793650794
1	0.99009901	0.558659218
1	0.699300699	0.769230769
1	0.64516129	0.609756098
1	0.680272109	0.784
1	0.561797753	0.641025641
0.99009901	0.529100529	0.552941176
1	0.602409639	0.695035461
1	0.531914894	0.71875
0.952380952	0.613496933	0.27826087
1	0.531914894	0.659090909
0.980392157	0.529100529	0.596153846
0.688679245	0.526315789	0.5
0.559633028	0.636942675	0.515463918
1	0.520833333	0.679104478
0.757575758	0.520833333	0.5
0.714285714	0.578034682	0.529761905
0.521008403	0.584795322	0.483221477
0.408333333	0.523560209	0.485915493
0.515873016	0.534759358	0.507614213
1	1	0.903846154
1	1	0.8
0.980392157	1	0.847457627
1	1	0.854700855
1	0.917431193	0.518134715
1	0.917431193	0.505050505
1	0.546448087	0.764227642
1	0.546448087	0.681818182
1	0.523560209	0.757575758
0.980392157	0.523560209	0.523560209
1	0.608433735	0.534391534
0.844036697	0.555555556	0.502512563
0.854700855	0.571428571	0.714285714
1	0.523316062	0.517948718
1	0.590643275	0.598684211
1	0.555555556	0.5
0.480314961	0.573033708	0.517766497
0.682926829	0.595238095	0.534759358
0.943396226	0.407407407	0.5
1	0.428571429	0.510204082
1	0.510204082	0.467948718
0.848739496	0.548913043	0.514492754
0.362903226	0.574712644	0.515463918
0.516949153	0.559782609	0.525510204
1	1	1
1	1	1
1	1	1
1	1	0.529100529
1	1	0.529100529
1	0.952380952	0.605263158
1	0.584795322	0.900900901
0.81300813	0.529100529	0.884955752
1	0.555555556	0.704225352
0.909090909	0.540540541	0.783333333
1	0.571428571	0.512820513
0.961538462	0.529100529	0.574712644
0.952380952	0.529100529	0.646616541
0.917431193	0.578034682	0.5
0.909090909	0.549450549	0.512820513
0.877192982	0.546448087	0.515463918
0.590909091	0.568181818	0.518134715
0.705882353	0.540540541	0.428571429
0.934579439	0.568181818	0.481481481
1	0.578034682	0.520833333
0.89380531	0.537234043	0.526041667
0.474137931	0.552486188	0.338235294
0.308943089	0.593023256	0.51
0.387096774	0.511764706	0.441860465
1	1	1
1	1	1
1	1	1
1	1	1
1	0.78125	0.574712644
1	0.78125	0.52892562
1	0.571428571	0.094827586
1	0.581395349	0.191489362
1	0.364341085	0.540540541
1	0.574712644	0.549450549
0.952380952	0.518072289	0.543478261
0.934579439	0.554054054	0.760683761
1	0.571428571	0.571428571
1	0.561797753	0.680272109
1	0.364963504	0.315068493
1	0.5	0.333333333
0.952380952	0.520833333	0.171875
0.781818182	0.549668874	0.526315789
1	0.561797753	0.193103448
1	1	0.474576271
1	0.58045977	0.505
1	0.520833333	0.540540541
0.669642857	0.520618557	0.520618557
0.765217391	0.464705882	0.38028169
1	1	1
1	1	0.684931507
1	1	0.684931507
1	1	0.621118012
1	1	0.678082192
1	1	0.552486188
1	0.625	0.900900901
0.970873786	0.763358779	0.884955752
0.970873786	0.546448087	0.618421053
1	0.584795322	0.531914894
0.970873786	0.584795322	0.661971831
1	0.574712644	0.678082192
1	0.621118012	0.831932773
1	0.617283951	0.588235294
0.81300813	0.534759358	0.752066116
0.504587156	0.534759358	0.523809524
0.52293578	0.505681818	0.505050505
0.504587156	0.529100529	0.661157025
0.99009901	0.317567568	0.644444444
0.925925926	0.375886525	0.5
0.909090909	0.547945205	0.598802395
0.638461538	0.480225989	0.520618557
0.27826087	0.5	0.529100529
0.447154472	0.523316062	0.534391534
1	1	0.99009901
1	1	0.884955752
1	1	0.675675676
1	1	0.64516129
1	1	0.549450549
1	0.934579439	0.581395349
1	0.699300699	0.818181818
1	0.735294118	0.621118012
0.961538462	0.598802395	0.64084507
1	0.5	0.520833333
1	0.529100529	0.5
0.866071429	0.595238095	0.521052632
1	0.666666667	0.603896104
1	0.388157895	0.702479339
1	0.526041667	0.560344828
1	0.505	0.552941176
0.714285714	0.546448087	0.523809524
0.736842105	0.584795322	0.579710145
0.934579439	0.54	0.588235294
0.664473684	0.317460317	0.528795812
1	0.443113772	0.507352941
0.415384615	0.505	0.505
0.44295302	0.51	0.50955414
0.496598639	0.528497409	0.5
1	1	1
1	1	1
1	1	0.537634409
1	1	1
1	1	0.574626866
1	0.952380952	0.558659218
1	0.588235294	0.531914894
1	0.555555556	0.837606838
1	0.597633136	0.401408451
1	0.657894737	0.5
1	0.574712644	0.612612613
1	0.549450549	0.520833333
1	0.540540541	0.716666667
1	0.581395349	0.708333333
0.99009901	0.546448087	0.518134715
1	0.531914894	0.537634409
0.556521739	0.486338798	0.510204082
0.487394958	0.534759358	0.547169811
0.769230769	0.531914894	0.518134715
1	0.38410596	0.537974684
0.726618705	0.517948718	0.523316062
0.582608696	0.531914894	0.5
0.521008403	0.451428571	0.496183206
0.364341085	0.639240506	0.483221477
1	1	0.961538462
1	1	0.625
1	1	0.581395349
1	1	0.613496933
1	1	0.636942675
1	1	0.597560976
1	0.735294118	0.819672131
1	0.666666667	0.582352941
0.961538462	0.64516129	0.662251656
1	0.591715976	0.632911392
1	0.581395349	0.651006711
1	0.581395349	0.529100529
1	0.653594771	0.650793651
1	0.552486188	0.646258503
0.900900901	0.537634409	0.361111111
0.598130841	0.531914894	0.587837838
0.560344828	0.598802395	0.536312849
0.429824561	0.625	0.502857143
1	0.48255814	0.544217687
0.970873786	0.524271845	0.51497006
0.699300699	0.540540541	0.555555556
0.305084746	0.5	0.489247312
0.446153846	0.537634409	0.514285714
0.390728477	0.520618557	0.550561798
1	0.735294118	0.909090909
1	0.735294118	0.751879699
1	0.735294118	0.653594771
1	0.735294118	0.510204082
1	0.735294118	0.446540881
1	0.735294118	0.52972973
0.826446281	0.371900826	0.839285714
1	0.397058824	0.5
1	0.588235294	0.530434783
1	0.436507937	0.592356688
1	0.502890173	0.505319149
1	0.346153846	0.51010101
1	0.591715976	0.74015748
0.980582524	0.587209302	0.535483871
1	0.574712644	0.564705882
1	0.376712329	0.425806452
0.418181818	0.548192771	0.505050505
0.463636364	0.505050505	0.535519126
0.840336134	0.379562044	0.502512563
1	0.5	0.530864198
0.437037037	0.392638037	0.5
0.980392157	0.564971751	0.483333333
0.344537815	0.5	0.505050505
0.448275862	0.546448087	0.445054945
1	1	0.49
1	1	0.533980583
1	1	0.892857143
1	1	0.900900901
1	1	0.709219858
1	1	0.603773585
1	0.751879699	0.854700855
1	0.546448087	0.671328671
1	0.529100529	0.631578947
1	0.531914894	0.507614213
1	0.621118012	0.531914894
1	0.598802395	0.639705882
0.980392157	0.523560209	0.523560209
0.884955752	0.531914894	0.72519084
0.980392157	0.568181818	0.616541353
0.99009901	0.529100529	0.529100529
0.472727273	0.534759358	0.520833333
0.478632479	0.549450549	0.535911602
1	0.356643357	0.523489933
0.980582524	0.387755102	0.515306122
1	0.550632911	0.525547445
0.980392157	0.448051948	0.49132948
0.381355932	0.526315789	0.505050505
0.442622951	0.510204082	0.516129032
1	1	1
1	1	1
1	1	1
1	1	0.970873786
1	1	0.534759358
1	1	0.529100529
1	0.540540541	0.917431193
1	0.636942675	0.900900901
0.99009901	0.523560209	0.625
1	0.534759358	0.609756098
1	0.588235294	0.671532847
0.961538462	0.564971751	0.638461538
1	0.531914894	0.798319328
1	0.621118012	0.544871795
1	0.523560209	0.725806452
0.854700855	0.552486188	0.491017964
0.953271028	0.56043956	0.520408163
0.452991453	0.526315789	0.515463918
0.81300813	0.666666667	0.580152672
1	0.628930818	0.5
1	0.534759358	0.50295858
0.729927007	0.526315789	0.527950311
0.448818898	0.595238095	0.432926829
0.390243902	0.512562814	0.518248175
1	1	1
1	1	0.574712644
1	1	0.574712644
1	1	0.564971751
1	1	0.558659218
1	0.884955752	0.505050505
1	0.367346939	0.679389313
1	0.617283951	0.535911602
1	0.606060606	0.533333333
0.961904762	0.587209302	0.539325843
0.99009901	0.549450549	0.502512563
1	0.602409639	0.5875
1	0.591715976	0.669172932
0.980392157	0.595238095	0.489247312
1	0.64556962	0.528497409
0.99009901	0.5	0.469230769
0.673076923	0.5	0.595419847
0.460869565	0.585227273	0.527173913
0.826446281	0.284768212	0.571428571
0.970873786	0.325757576	0.549450549
0.787401575	0.372222222	0.482954545
0.504424779	0.588571429	0.52020202
0.483050847	0.5	0.483695652
0.394160584	0.524861878	0.502645503
1	1	1
1	1	1
1	1	1
1	1	0.980392157
1	1	0.510204082
1	0.869565217	0.718446602
1	0.632911392	0.836363636
1	0.531914894	0.694444444
0.980392157	0.588235294	0.784
1	0.664473684	0.827868852
0.99009901	0.602409639	0.518134715
1	0.6375	0.659574468
0.980392157	0.641025641	0.613496933
0.961904762	0.590643275	0.525423729
1	0.604790419	0.614173228
0.926605505	0.551912568	0.5625
0.638888889	0.534759358	0.598684211
0.461538462	0.569832402	0.528497409
1	0.447368421	0.5
1	0.407692308	0.471428571
0.628930818	0.549450549	0.488505747
0.701388889	0.537234043	0.443708609
0.344262295	0.433526012	0.45
0.438461538	0.53125	0.517766497
1	1	0.925
1	1	0.97
0.21	0.705	0.89
0.31	0.74	0.965
0.395	0.76	0.89
0.36	0.69	0.57
1	1	0.93
0.225	1	1
1	0.755	0.96
0.345	0.73	0.9
0.415	0.885	0.74
0.5	0.755	0.785
1	1	1
1	1	1
1	0.65	0.715
0.38	1	0.83
0.555	1	0.955
0.46	1	0.965
1	1	0.825
1	1	1
0.63	0.665	0.81
0.535	0.59	0.98
0.33	1	0.865
0.41	0.715	0.58
1	1	1
1	0.615	1
0.585	0.635	1
0.335	0.73	1
0.395	0.83	0.685
0.39	0.69	0.85
1	1	1
1	0.38	0.82
0.26	0.695	0.66
0.36	0.74	0.92
0.375	0.68	0.44
0.395	0.705	0.765
1	1	1
1	1	0.965
0.26	0.655	0.91
0.195	0.45	0.9
0.36	0.785	0.71
0.495	1	0.68
1	1	0.975
1	1	0.95
0.285	0.285	0.775
0.33	0.89	0.865
0.37	0.68	0.4
0.465	0.765	0.725
1	1	1
1	1	1
1	1	1
0.515	0.6	0.765
0.39	0.72	0.805
0.425	0.76	1
1	1	1
1	1	0.745
1	1	0.695
0.35	0.28	0.95
0.325	1	0.925
0.44	0.79	1
1	1	1
1	1	1
1	1	0.775
0.455	1	1
0.385	0.725	0.955
0.445	0.775	0.935
1	1	1
1	1	1
1	0.43	0.91
0.46	0.405	0.925
0.525	0.935	0.745
0.6	0.64	0.81
1	1	0.87
1	1	0.98
1	1	0.96
0.34	0.69	0.85
0.415	1	1
0.485	0.75	0.96
1	1	0.985
1	1	0.81
0.27	1	0.87
1	0.8	0.915
0.41	1	0.875
0.44	0.65	0.65
1	1	1
1	1	1
0.3	0.3	0.7
1	1	0.735
0.355	0.755	0.905
0.465	0.76	0.85
1	1	0.78
1	1	1
1	0.675	0.88
0.355	0.76	0.87
0.6	0.865	0.88
0.425	0.84	0.62
1	1	0.89
1	0.63	1
1	0.655	1
0.37	0.68	0.985
0.325	1	0.945
0.405	0.715	0.945
1	1	0.96
1	0.635	0.69
0.63	0.63	0.92
0.34	0.505	1
0.31	0.88	0.585
0.375	1	0.93
1	1	0.895
0.735	0.63	0.675
0.265	0.4	0.955
0.39	0.76	1
0.37	0.74	0.98
0.385	1	0.8
1	1	1
1	0.63	0.745
1	0.645	0.69
0.51	0.745	0.92
0.54	0.705	0.865
0.415	0.69	0.535
1	0.79	1
0.245	0.805	1
0.25	0.8	1
0.43	0.8	0.955
0.335	0.875	0.855
0.5	0.565	0.865
1	1	0.94
1	0.405	0.955
0.245	0.8	0.715
0.27	0.805	0.775
0.39	0.71	0.94
0.455	0.995	0.495
1	0.375	0.77
1	0.615	0.835
1	0.4	0.99
0.25	0.56	0.62
0.255	0.7	0.565
0.375	0.675	0.975
1	1	0.965
1	1	0.87
0.2	1	1
0.315	0.545	0.63
0.42	0.755	0.405
0.5	0.95	0.695
1	1	0.94
1	1	0.915
0.21	1	0.9
0.29	0.655	0.955
0.32	1	0.985
0.375	0.725	0.765
1	1	1
1	1	0.995
1	1	1
0.33	1	0.98
0.435	0.895	0.615
0.385	0.685	0.94
1	1	1
0.58	1	0.575
1	0.63	0.935
0.385	0.865	1
0.345	0.94	0.965
0.44	0.695	0.745
1	1	1
0.25	0.445	0.85
1	0.415	1
0.455	0.78	1
0.355	0.745	0.875
0.43	1	0.485
1	1	1
1	1	0.9
1	1	0.78
0.46	1	0.96
0.385	1	0.93
0.425	0.705	0.535
1	1	1
1	1	0.93
0.235	0.325	1
0.18	0.77	0.945
0.37	0.695	0.73
0.42	1	0.955
1	1	0.965
1	1	0.93
1	1	0.96
0.275	0.56	0.93
0.325	0.835	0.515
0.465	0.685	0.745
1	1	1
1	1	1
1	0.61	1
0.19	0.93	1
0.365	0.585	0.98
0.455	0.755	0.64
1	1	0.83
1	1	0.845
0.28	0.725	0.855
0.39	0.71	1
0.36	1	0.835
0.505	0.845	0.94
1	1	0.88
1	1	0.81
0.28	0.63	0.865
0.375	0.75	0.985
0.355	0.815	0.71
0.365	0.705	1
1	1	1
1	1	1
0.64	0.64	1
0.45	0.74	0.985
0.355	0.525	0.985
0.37	0.71	0.985
1	1	1
1	1	1
1	0.455	0.975
0.305	0.71	0.89
0.435	0.69	0.985
0.44	0.805	0.59
1	1	1
1	1	1
1	1	0.855
0.225	0.635	1
0.37	0.705	1
0.37	0.725	0.715
1	1	1
1	1	1
0.225	0.485	0.96
0.325	0.64	1
0.345	1	0.975
0.41	0.74	0.95
1	1	0.825
1	1	1
0.2	1	0.96
0.48	0.775	0.835
0.305	0.7	0.985
0.39	1	0.75
1	1	1
1	0.425	1
0.225	1	0.805
1	0.455	0.965
0.37	1	0.83
0.36	1	0.515
1	1	1
1	1	1
1	1	0.75
0.39	0.615	0.95
0.41	0.765	1
0.635	0.72	0.905
1	1	1
1	1	0.515
0.255	0.44	1
0.415	0.625	0.945
0.425	0.725	0.93
0.365	1	0.945
1	1	1
1	1	0.995
1	0.44	0.985
0.39	0.605	1
0.42	1	1
0.6	0.7	0.87
1	0.6	1
1	1	1
0.41	0.47	0.945
0.33	0.38	1
0.35	0.915	0.85
0.35	0.685	0.66
1	1	1
1	1	0.955
0.23	1	1
0.32	0.535	0.725
0.35	0.89	1
0.455	0.77	0.625
1	1	1
1	1	1
0.24	1	1
0.34	1	1
0.43	0.715	0.96
0.42	0.705	0.825
1	1	0.86
0.2	1	1
0.22	0.375	0.96
0.32	0.56	1
0.41	1	0.96
0.485	1	0.925
1	1	1
1	0.36	1
0.245	0.4	0.765
0.22	0.8	0.895
0.345	0.655	0.775
0.475	0.845	0.685
1	1	0.88
1	1	0.83
0.245	0.67	0.71
0.33	0.745	1
0.38	0.93	0.765
0.465	0.635	0.955
1	1	0.815
1	1	0.885
0.63	0.86	0.9
0.235	0.91	1
0.315	0.735	0.77
0.595	0.72	0.745
1	1	0.905
1	1	1
0.265	0.425	0.84
0.39	0.65	0.93
0.35	0.805	0.845
0.395	0.735	0.95
1	1	1
1	0.675	0.985
0.62	0.41	0.91
0.38	0.605	0.665
0.405	1	1
0.44	0.605	0.955
1	1	0.845
1	1	0.85
0.27	1	0.815
0.47	0.75	0.665
0.44	0.765	0.955
0.445	1	0.96
1	1	0.855
1	1	0.845
1	0.415	0.825
0.31	0.725	0.925
0.4	0.775	0.88
0.375	1	0.745
1	1	0.845
1	1	1
1	1	0.96
0.325	0.79	1
0.325	0.71	0.835
0.345	0.95	0.525
1	1	0.99
1	1	0.925
1	1	1
0.66	0.72	1
0.39	0.72	0.93
0.41	0.745	0.89
1	1	0.835
1	0.645	0.97
0.215	0.4	0.97
0.8	0.66	0.695
0.555	0.59	0.4
0.46	0.63	0.935
1	0.63	1
1	1	1
1	1	0.92
0.59	0.915	0.835
0.585	0.91	1
0.39	0.725	0.415
1	1	1
1	1	0.795
0.41	0.64	1
0.22	0.875	0.92
0.585	0.92	0.99
0.49	0.585	0.33
1	1	0.86
1	0.68	0.98
1	0.495	1
0.22	0.645	1
0.32	1	0.635
0.42	0.74	0.675
1	1	1
1	1	0.93
1	0.665	0.845
0.35	0.755	0.915
0.325	0.88	0.67
0.38	1	0.845
1	1	0.875
1	1	0.95
1	0.66	0.95
0.345	1	1
0.345	0.86	0.82
0.45	0.69	0.835
1	1	0.975
1	1	0.97
1	1	1
0.235	0.47	0.965
0.39	0.87	0.855
0.385	0.68	0.935
1	1	0.875
1	1	0.87
0.42	0.825	0.95
0.355	0.775	0.835
0.43	0.855	0.965
0.47	0.75	1
1	1	0.845
1	1	0.77
1	1	0.965
0.33	0.475	0.93
0.36	0.995	0.685
0.465	1	0.76
1	1	0.805
1	1	1
1	1	1
0.47	0.445	1
0.345	1	0.845
0.39	0.73	0.55
1	1	0.86
1	1	0.83
0.215	0.475	0.97
0.335	0.695	1
0.39	0.995	1
0.385	0.745	0.985
1	1	0.905
0.49	0.675	1
0.46	0.435	1
0.285	0.41	0.98
0.48	0.555	0.955
0.36	0.77	0.915
1	1	1
1	1	0.87
0.57	0.57	0.96
0.5	0.415	1
0.54	0.89	0.885
0.57	0.63	0.79
1	1	1
0.375	0.375	1
0.395	0.395	0.84
0.345	0.59	1
0.555	0.92	0.89
0.46	0.795	0.575
1	0.36	0.975
1	0.37	0.895
0.195	1	0.9
0.33	0.565	0.955
0.535	0.675	0.97
0.49	0.745	0.795
1	1	1
1	0.375	1
0.235	0.38	0.94
0.585	0.605	0.985
0.3	0.755	0.655
0.395	0.83	0.98
1	0.565	1
1	0.845	0.94
0.395	0.83	0.97
0.67	0.93	0.93
0.435	1	0.95
0.365	0.93	0.92
1	0.57	1
1	0.85	1
1	0.845	0.94
0.36	0.915	0.87
0.69	0.935	1
0.425	0.935	0.615
1	1	1
1	0.835	1
0.38	0.85	0.95
0.35	0.83	0.715
0.33	0.66	0.9
0.42	0.72	0.6
1	1	0.76
1	0.575	0.945
0.38	0.865	0.785
1	0.655	1
0.365	0.7	0.815
0.4	1	0.665
1	1	1
1	0.365	1
0.245	1	1
0.36	0.74	0.86
0.34	0.76	0.75
0.48	0.595	0.86
1	1	0.945
1	1	0.985
0.26	1	1
0.495	0.855	0.88
0.325	0.675	0.95
0.405	0.695	0.645
1	1	1
1	1	0.805
0.235	1	0.98
0.475	0.93	0.95
0.335	1	0.825
0.475	0.695	0.91
1	1	0.9
1	1	1
0.485	0.805	0.91
0.61	0.515	0.98
0.415	1	0.94
0.44	0.69	0.735
1	1	1
1	1	0.72
0.32	0.73	1
0.41	0.76	0.975
0.42	0.845	0.945
0.495	1	0.68
1	1	0.945
1	1	0.95
1	0.305	0.81
0.42	0.74	0.965
0.43	1	0.715
0.365	0.79	0.69
1	1	1
1	1	0.89
0.28	1	0.95
0.48	0.775	0.9
0.33	0.835	0.74
0.45	0.705	0.925
1	1	0.955
1	0.59	0.8
0.285	0.605	0.93
0.34	1	0.98
0.34	0.655	0.94
0.46	1	0.8
1	1	0.815
1	1	0.965
1	0.615	0.91
0.385	0.87	0.94
0.375	1	0.83
0.49	0.63	0.6
1	1	0.915
1	1	0.615
1	0.595	0.965
0.33	0.6	0.95
0.365	1	0.805
0.42	0.8	0.63
1	1	0.955
1	0.405	0.815
0.22	1	0.91
0.375	0.73	0.89
0.385	0.705	0.915
0.445	0.925	0.695
1	1	0.965
0.24	1	0.675
0.39	0.875	0.865
0.31	0.785	0.88
0.43	0.735	0.65
0.505	0.78	0.975
1	1	1
1	1	0.95
0.165	0.46	0.865
0.78	0.73	0.835
0.37	1	0.975
0.415	0.73	0.82
1	1	1
1	1	0.895
1	1	1
0.35	0.73	0.905
0.335	0.635	0.615
0.41	0.745	0.88
1	0.635	1
1	1	0.995
1	1	1
0.39	0.94	0.955
0.41	0.76	0.89
0.39	0.7	0.61
1	1	1
1	1	0.91
1	0.675	1
0.19	0.94	0.83
0.44	0.67	0.825
0.415	0.68	0.96
1	1	1
1	1	0.91
1	0.655	0.855
0.575	0.92	0.88
0.365	0.775	0.645
0.445	0.725	0.64
1	1	0.89
1	1	0.835
0.265	0.635	0.92
0.38	0.63	0.635
0.39	0.71	1
0.415	0.71	0.835
1	1	1
1	1	0.945
0.705	0.895	0.71
0.585	0.925	0.93
0.375	0.79	0.945
0.44	0.7	0.605
1	1	1
1	1	0.745
0.65	0.635	0.825
0.295	0.585	0.88
0.535	1	0.56
0.415	0.725	0.78
1	1	0.85
1	1	1
1	1	0.975
0.355	1	0.785
0.45	0.94	0.565
0.47	0.76	0.94
1	1	0.88
1	1	0.915
1	1	1
0.405	0.795	0.82
0.405	0.83	0.87
0.455	0.815	0.685
1	1	1
1	1	0.835
0.37	0.37	0.755
0.34	0.755	0.715
0.39	0.77	1
0.44	0.69	0.85
1	1	1
1	1	1
1	0.405	0.975
0.395	0.425	1
0.445	0.62	1
0.39	0.805	0.705
1	1	0.895
1	1	1
1	1	1
0.435	0.7	1
0.46	1	0.67
0.445	0.7	0.96
1	1	1
1	1	1
0.215	1	1
0.385	0.79	0.855
0.415	1	0.935
0.425	1	0.395
1	1	1
1	1	0.825
1	0.65	0.915
0.375	0.785	0.975
0.36	0.69	0.965
0.395	0.725	0.79
1	1	1
1	0.395	1
1	1	1
0.215	0.655	0.97
0.395	0.71	1
0.46	0.715	0.775
1	1	1
1	1	0.875
1	0.635	0.835
0.315	0.815	0.985
0.405	0.675	0.835
0.395	0.695	0.78
1	1	1
1	1	0.665
1	0.635	1
0.315	0.62	0.69
0.4	1	0.925
0.405	1	0.945
1	1	0.965
1	1	0.95
1	0.645	0.815
0.575	0.535	0.94
0.29	1	0.94
0.46	0.725	0.875
1	1	0.935
1	1	1
1	0.61	1
0.29	0.695	0.82
0.31	0.765	0.995
0.445	0.71	0.97
1	1	1
1	1	1
1	1	1
1	1	1
1	1	1
1	1	1
1	1	0.854700855
1	1	0.558823529
0.99	0.735294118	0.900900901
1	0.602409639	0.098214286
0.934579439	0.692307692	0.574712644
1	0.814814815	0.805309735
1	1	0.833333333
1	1	0.714285714
0.98	0.753846154	0.699300699
0.87826087	0.651612903	0.566473988
0.901785714	0.505	0.731343284
0.763157895	0.51	0.625
0.67	1	0.4
0.844262295	1	0.647798742
0.613861386	0.604790419	0.589285714
0.889830508	0.525	0.586826347
0.877192982	0.5	0.555555556
0.827868852	0.505	0.510309278
1	1	1
1	1	1
1	1	1
1	1	1
1	1	1
1	1	1
1	1	0
1	1	0.818181818
1	0.755555556	0.099099099
1	0.718309859	0.829268293
1	0.639240506	0.827868852
1	0.543478261	0.552486188
1	0.613496933	0.81300813
1	1	0.13740458
1	1	0.642857143
0.732673267	0.58045977	0.732824427
0.884955752	0.680272109	0.569620253
0.752136752	0.50295858	0.666666667
1	1	0.505050505
1	0.748148148	0.716312057
0.858333333	1	0.542105263
0.870689655	0.737226277	0.528795812
0.855932203	0.505	0.716312057
0.696721311	0.550802139	0.507537688
1	1	1
1	1	1
1	1	1
1	1	1
1	1	1
1	1	1
1	1	0.027522936
1	0.628930818	0.877192982
1	0.840336134	0.833333333
1	0.606060606	0.746268657
0.934579439	0.594202899	0.793650794
0.943925234	0.855932203	0.819672131
1	1	0.144927536
1	1	0.664383562
0.871794872	0.822580645	0.680555556
0.925925926	0.555555556	0.581395349
0.927927928	0.668831169	0.851239669
0.887931034	0.544973545	0.604790419
1	1	0.751879699
1	1	0.625954198
0.5625	1	0.705479452
0.833333333	0.53968254	0.51
0.863247863	0.627329193	0.655844156
0.732142857	0.45625	0.526041667
1	1	1
1	1	1
1	1	1
1	1	1
1	1	1
1	1	1
1	0.625	0.027027027
1	1	0.285714286
1	0.617283951	0.909090909
0.943396226	0.694444444	0.588235294
0.961904762	0.48447205	0.583815029
0.952380952	0.5	0.909090909
1	1	0.154362416
1	1	0.854700855
1	0.8	0.616541353
0.848739496	0.604790419	0.559748428
0.747747748	0.624242424	0.762962963
0.658914729	0.548611111	0.632258065
1	1	0.684931507
1	1	0.589041096
1	0.691780822	0.594117647
0.534482759	0.647435897	0.651612903
0.927272727	0.51	0.56626506
0.594594595	0.49068323	0.596153846
1	1	1
1	1	1
1	1	1
1	1	1
1	1	1
1	1	1
1	1	0.217741935
1	1	0.796875
1	0.635220126	0.827868852
1	0.635220126	0.814516129
0.952380952	0.628930818	0.578034682
1	0.5	0.689393939
1	1	0.751879699
1	1	0.329341317
1	1	0.551136364
1	0.62345679	0.827868852
0.944954128	0.515	0.540540541
0.910714286	0.614457831	0.494791667
1	1	0.15862069
1	1	0.689655172
0.819672131	1	0.562091503
0.886956522	0.614457831	0.58974359
0.693693694	0.546448087	0.54601227
0.694214876	0.582857143	0.577181208
1	1	1
1	1	1
1	1	1
1	1	1
1	1	0.5
1	1	0.709677419
1	0.534759358	0.054054054
1	0.531914894	0.769230769
1	0.564971751	0.418032787
0.970873786	0.531914894	0.666666667
0.980392157	0.531914894	0.576923077
0.943396226	0.512820513	0.658536585
1	0.529100529	0.149606299
1	0.534759358	0.244755245
1	0.578034682	0.666666667
0.925925926	0.526315789	0.361538462
0.768518519	0.588235294	0.554140127
0.927272727	0.542553191	0.531468531
1	0.591715976	0.579268293
1	0.606060606	0.709219858
1	0.581395349	0.50867052
0.884955752	0.523560209	0.5
0.699115044	0.502512563	0.487951807
0.425	0.549450549	0.432432432
1	1	1
1	1	1
1	1	1
1	1	0.564971751
1	0.82	0.326732673
1	0.82	0.523560209
1	0.571428571	0.561797753
1	0.636942675	0.124031008
1	0.549450549	0.225225225
1	0.584795322	0.78125
0.934579439	0.581395349	0.306451613
0.980392157	0.5	0.605839416
1	1	0.5
1	0.588235294	0.609756098
1	0.543478261	0.5
0.934579439	0.552486188	0.315789474
0.918181818	0.528795812	0.55801105
0.934579439	0.51552795	0.538461538
1	0.558659218	0.552486188
1	0.534759358	0.561797753
0.826446281	0.581395349	0.442176871
0.834710744	0.543010753	0.36440678
0.72972973	0.523316062	0.505
0.409836066	0.505952381	0.512820513
1	1	1
1	1	1
1	1	1
1	1	1
1	0.83	0.900900901
1	1	0.598765432
1	0.571428571	0.096491228
1	0.684931507	0.877192982
1	0.574712644	0.214285714
1	0.578034682	0.5
0.961538462	0.502512563	0.5
0.962616822	0.56284153	0.533678756
1	0.581395349	0.5
1	0.574712644	0.22972973
1	0.568181818	0.740740741
0.867924528	0.543478261	0.5
0.71559633	0.502512563	0.529100529
0.706422018	0.5	0.535947712
1	0.581395349	0.5
1	0.571428571	0.546448087
0.684931507	0.540540541	0.666666667
1	0.666666667	0.537634409
0.863247863	0.439759036	0.531578947
0.380952381	0.512562814	0.448051948
1	0.588235294	1
1	0.588235294	1
1	0.588235294	1
1	0.588235294	1
1	0.588235294	1
1	0.547297297	0.706896552
1	0.392592593	0.5
1	0.529100529	0.23255814
0.99	0.520833333	0.265486726
1	0.540540541	0.515463918
0.99009901	0.488188976	0.847457627
0.943396226	0.544	0.631578947
1	0.546448087	0.819672131
1	0.552486188	0.5
1	0.463235294	0.751879699
0.89380531	0.551912568	0.301587302
0.971153846	0.528795812	0.759398496
0.734513274	0.631944444	0.606060606
1	0.543478261	0.088888889
1	0.433823529	0.497326203
1	0.555555556	0.530120482
0.841666667	0.526041667	0.505
0.385964912	0.545945946	0.464864865
0.615384615	0.509803922	0.512690355
1	1	1
1	1	1
1	1	0.862068966
1	1	0.776
1	1	0.731092437
1	0.89	0.593939394
1	0.558659218	0.036036036
1	0.561797753	0.099099099
1	0.558659218	0.256410256
1	0.534759358	0.505050505
0.980392157	0.518134715	0.68503937
0.961538462	0.766666667	0.502512563
1	1	0.5
1	0.526315789	0.5
1	0.56424581	0.330827068
0.847457627	0.534759358	0.5
0.934579439	0.512820513	0.5
0.5	0.5	0.550632911
1	1	0.5
1	0.608433735	0.651612903
0.775193798	0.523560209	0.502512563
0.925925926	0.531914894	0.5
0.371900826	0.510204082	0.5
0.416666667	0.461077844	0.507352941
1	1	1
1	1	1
1	0.5	1
1	0.5	1
1	0.5	1
1	1	1
1	1	0.036363636
1	1	0.1
1	1	0.51
1	0.319672131	0.39
0.935779817	0.366972477	0.51
0.954545455	0.525	0.52
1	1	0.2
1	1	0.175
1	1	0.46
0.92173913	0.50273224	0.465
0.938053097	0.472972973	0.53
0.915254237	0.54	0.44
1	1	0.617283951
1	1	0.723404255
1	1	0.465
0.896551724	0.279069767	0.52
0.555555556	0.325	0.53
0.927419355	0.614973262	0.455
1	1	1
1	1	1
1	1	1
1	1	0.78125
1	1	0.526315789
1	1	0.515463918
1	0.526315789	0
1	0.523560209	0.450292398
1	0.561797753	0.235294118
0.961538462	0.555555556	0.595238095
0.970873786	0.534759358	0.520547945
0.961538462	0.571428571	0.5
1	0.578034682	0.578034682
1	0.568181818	0.602409639
1	0.537634409	0.539772727
1	1	0.51396648
0.917431193	0.520833333	0.512820513
0.884955752	0.419847328	0.507614213
1	1	0.5
1	1	0.508982036
1	0.617283951	0.524064171
0.840336134	0.724637681	0.510204082
0.900900901	0.537634409	0.502512563
0.46969697	0.529100529	0.502512563
1	1	1
1	1	1
1	1	1
1	1	0.961538462
1	1	0.769230769
1	1	0.518134715
1	0.568181818	0.157480315
1	0.523560209	0.746153846
1	0.526315789	0.787401575
1	0.512820513	0.78125
0.925925926	0.523560209	0.686567164
0.917431193	0.339130435	0.510204082
1	0.568181818	0.319727891
0.847457627	0.529100529	0.095238095
1	0.574712644	0.510638298
1	0.534759358	0.6
0.892857143	0.520833333	0.530054645
0.900900901	0.549450549	0.512820513
1	0.531914894	0.5
1	1	0.5
0.862068966	0.769230769	0.516666667
0.901785714	0.531578947	0.505
0.900900901	0.512820513	0.429347826
0.472440945	0.543478261	0.510416667
1	1	1
1	1	1
1	1	0.884955752
1	1	0.591715976
1	1	0.980392157
1	0.5	0.531914894
1	0.546448087	0.884955752
1	0.545945946	0.971153846
1	0.540540541	0.540540541
0.943396226	0.537634409	0.900900901
0.952830189	0.403361345	0.507537688
0.952830189	0.548913043	0.548913043
1	1	0.609756098
1	1	0.5
1	1	0.365671642
0.952380952	0.529100529	0.714285714
0.934579439	0.5	0.520833333
0.550387597	0.513089005	0.526041667
1	1	0.617283951
1	0.581395349	0.502702703
0.826446281	1	0.497487437
0.383333333	0.808	0.520618557
0.902654867	0.51	0.517766497
0.413043478	0.5	0.520833333
1	1	1
1	1	1
1	1	1
1	1	1
1	1	1
1	1	1
1	1	0.900900901
1	1	0.901785714
1	1	0.233870968
1	0.742647059	0.918181818
0.953703704	0.664516129	0.616883117
0.961538462	0.697478992	0.684931507
1	1	0.740740741
1	0.721428571	0.770992366
1	0.755395683	0.813953488
0.841584158	0.531578947	0.616883117
0.944444444	0.50310559	0.6375
0.811320755	0.487179487	0.711111111
1	1	0.592356688
1	0.721428571	0.520618557
1	0.710344828	0.593548387
0.753731343	0.573863636	0.510309278
0.572649573	0.658227848	0.597701149
0.756302521	0.53	0.525252525
1	1	1
1	1	1
1	1	1
1	1	1
1	1	1
1	1	1
1	1	0.076923077
1	1	0.617283951
1	0.618181818	0.018181818
1	0.596491228	0.894736842
0.962264151	0.51	0.671052632
0.918181818	0.682432432	0.684210526
1	0.609756098	0.840336134
1	1	0.262411348
1	0.711267606	0.65
0.918181818	0.612121212	0.590643275
0.885964912	0.505	0.531578947
0.721311475	0.515	0.505
1	1	0.680272109
1	1	0.583815029
0.913793103	1	0.546391753
0.628318584	0.548913043	0.517948718
0.914529915	0.439306358	0.583850932
0.725	0.515923567	0.462686567
1	1	1
1	1	1
1	1	1
1	1	1
1	1	1
1	1	1
1	1	0.787401575
1	1	0.026548673
1	1	0.7265625
1	0.641509434	0.927272727
1	0.561797753	0.793650794
0.935185185	0.627329193	0.564705882
1	1	0.329192547
1	1	0.241610738
1	0.643312102	0.737226277
0.918918919	0.641509434	0.548387097
0.848739496	0.531578947	0.660130719
0.953703704	0.539267016	0.462765957
1	1	0.564971751
1	1	0.641025641
0.838709677	1	0.607142857
1	0.577777778	0.52
0.608695652	0.55026455	0.519125683
0.43442623	0.512562814	0.5
1	1	1
1	1	1
1	1	1
1	1	1
1	1	1
1	1	1
1	1	0.023809524
1	1	0.5
1	0.847457627	0.18018018
0.943396226	0.568181818	0.855855856
0.935185185	0.608433735	0.590643275
0.926605505	0.778688525	0.68707483
1	1	0.787401575
1	0.711267606	0.731884058
1	1	0.537634409
0.945454545	0.675324675	0.693333333
0.935185185	0.583815029	0.544378698
0.913043478	0.621301775	0.487179487
0.74	1	0.757575758
1	1	0.705479452
0.704225352	0.609756098	0.538922156
0.811881188	0.548913043	0.677852349
0.883333333	0.569892473	0.627218935
0.557522124	0.463855422	0.543478261
1	1	1
0.980392157	1	0.653594771
0.980392157	1	0.529100529
1	1	0.534759358
1	1	0.621118012
0.980392157	1	0.666666667
1	0.757575758	0.782608696
1	0.71942446	0.598684211
1	0.570621469	0.548022599
1	0.588235294	0.590361446
1	0.657894737	0.556179775
1	0.655844156	0.543010753
1	0.724637681	0.591194969
0.980392157	0.378378378	0.67114094
0.943925234	0.608433735	0.60130719
0.586538462	0.588235294	0.510204082
0.514285714	0.510204082	0.549450549
0.56	0.540540541	0.548192771
1	0.5	0.544871795
0.701388889	0.385135135	0.531578947
0.990196078	0.505	0.536585366
0.594594595	0.537634409	0.574712644
0.364341085	0.551912568	0.523316062
0.474074074	0.490909091	0.507462687
1	0.438848921	0.71942446
1	0.684931507	0.662251656
1	0.606060606	0.571428571
1	0.71942446	0.5
1	0.606060606	0.555555556
1	0.564971751	0.5
1	0.505813953	0.5
1	0.526627219	0.5
1	0.529411765	0.58125
1	0.584795322	0.601226994
0.99009901	0.458598726	0.48245614
0.952380952	0.529100529	0.409090909
1	0.602409639	0.574193548
1	0.594117647	0.505
0.715447154	0.520710059	0.51744186
0.961904762	0.50867052	0.505
0.633928571	0.529100529	0.505050505
0.456896552	0.583815029	0.562913907
0.63	0.42	0.583333333
0.746268657	0.51744186	0.538461538
0.463576159	0.459302326	0.533834586
0.648648649	0.541176471	0.506097561
0.435185185	0.520833333	0.387596899
0.516393443	0.518134715	0.531914894
1	1	1
1	1	1
1	1	1
1	1	0.537634409
1	1	0.597122302
1	1	0.5
1	0.537634409	0.381818182
1	0.662251656	0.5
1	0.537634409	0.689655172
1	0.574712644	0.25
1	0.531914894	0.5
1	0.578034682	0.587719298
1	0.534759358	0.791666667
1	0.534759358	0.512820513
1	0.38028169	0.61038961
1	0.529100529	0.311926606
0.5	0.529100529	0.533333333
0.547826087	0.512820513	0.513513514
1	0.237037037	0.512820513
1	0.306569343	0.671532847
1	0.424778761	0.520833333
0.486956522	0.432098765	0.530864198
0.465517241	0.5	0.455128205
0.432	0.5	0.466165414
1	1	1
1	1	1
1	0.5	1
1	0.5	1
1	0.5	1
1	0.5	1
1	1	0.133858268
1	1	0.099099099
1	1	0.265
1	0.53	0.295
0.946428571	0.53	0.425
1	0.49	0.49
1	1	0.71942446
1	1	0.27
1	1	0.51
0.930434783	0.535	0.535
0.915966387	0.545	0.525
0.939655172	0.545	0.53
1	1	0.260273973
1	1	0.175
1	1	0.545
0.940677966	0.555	0.535
0.575	1	0.53
0.615384615	0.585	0.47
1	1	1
1	1	1
1	1	1
1	1	0.558659218
1	1	0.625
1	1	0.520833333
1	0.591715976	0.094488189
1	0.537634409	0.81300813
1	0.537634409	0.192982456
1	0.534759358	0.598802395
0.917431193	0.584795322	0.578313253
0.892857143	0.529100529	0.512820513
1	0.595238095	0.517857143
0.862068966	0.534759358	0.666666667
1	0.537634409	0.543478261
1	0.534759358	0.526315789
0.909090909	0.520833333	0.56969697
0.884955752	0.391608392	0.617834395
1	0.595238095	0.331325301
1	0.529100529	0.430232558
1	0.662251656	0.526315789
0.900900901	0.520833333	0.516304348
0.427350427	0.751879699	0.50877193
0.47826087	0.636942675	0.523560209
1	1	1
1	1	1
1	1	1
1	1	0.577181208
1	1	0.8
1	1	0.552486188
1	0.531914894	0.260162602
1	0.529100529	0.1875
1	0.531914894	0.571428571
1	0.529100529	0.279661017
1	0.531914894	0.526315789
0.900990099	0.531578947	0.608108108
1	0.64516129	0.588235294
1	0.529100529	0.270072993
1	1	0.510309278
0.847457627	0.529100529	0.548022599
0.834710744	0.742647059	0.507537688
0.829268293	0.829268293	0.515151515
1	1	0.666666667
1	0.531578947	0.691780822
0.833333333	1	0.538461538
0.841666667	0.601190476	0.505
0.792079208	0.540106952	0.505
0.487603306	0.554347826	0.515151515
1	1	1
1	1	1
1	1	1
1	1	1
1	1	1
1	1	1
1	0.632911392	0.854700855
1	0.643312102	0.209677419
1	1	0.173553719
0.961904762	1	0.061946903
1	0.505	0.68707483
0.970873786	0.564971751	0.513227513
1	1	0.04379562
1	1	0.689189189
1	0.641509434	0.25
1	0.702702703	0.664335664
0.903508772	0.624242424	0.586826347
0.9375	0.525	0.564971751
1	1	0.546448087
1	1	0.689189189
0.863247863	0.808	0.56424581
0.75	0.604651163	0.524324324
0.927272727	0.586206897	0.484210526
0.902439024	0.550898204	0.529761905
1	1	1
1	1	1
1	1	1
1	1	1
1	1	1
1	0.84	1
1	1	0.122807018
1	1	0.203125
1	1	0.137096774
1	0.570621469	0.901785714
1	0.62195122	0.649681529
1	0.636363636	0.513227513
0.82	1	0.757575758
1	1	0.790697674
1	1	0.311111111
0.831683168	0.526041667	0.570621469
0.919642857	0.487804878	0.613095238
0.903508772	0.62804878	0.697478992
1	1	0.574712644
1	1	0.554945055
1	0.701388889	0.484848485
0.852459016	0.634146341	0.565934066
0.625	0.525	0.680555556
0.681415929	0.525	0.538461538
1	1	1
1	1	1
1	1	1
1	1	1
1	1	1
1	1	1
1	1	0.155172414
1	0.724637681	0.446327684
1	1	0.094827586
1	0.730496454	0.620481928
1	0.677631579	0.695945946
0.910714286	0.713286713	0.521052632
1	1	0.118110236
1	1	0.822580645
1	1	0.569767442
0.870689655	0.655844156	0.315789474
0.92920354	0.673076923	0.709459459
0.915254237	0.661157025	0.541436464
1	1	0.662251656
1	1	0.324503311
1	0.62962963	0.6375
0.734265734	0.570652174	0.552631579
0.62295082	0.490322581	0.515
0.6640625	0.618320611	0.530612245
1	1	0.707317073
1	1	0.712
1	1	0.597484277
1	1	0.806451613
1	1	0.78125
1	1	0.793650794
0.943396226	0.540540541	0.648
1	0.64516129	0.752
1	0.537634409	0.917431193
1	0.558659218	0.578034682
0.952380952	0.5	0.564971751
0.952380952	0.568181818	0.646616541
1	0.595238095	0.637037037
1	0.606060606	0.527777778
1	0.564971751	0.628378378
0.884955752	0.534759358	0.691666667
0.926605505	0.540106952	0.534391534
0.87826087	0.505	0.505
1	0.653594771	0.602409639
0.892857143	0.598802395	0.528735632
0.66	0.531914894	0.564971751
0.685185185	0.598802395	0.515463918
0.909090909	0.543478261	0.520231214
0.418032787	0.568181818	0.571428571
1	1	1
1	1	1
1	1	1
1	1	1
1	1	1
1	1	0.518134715
1	0.595238095	0.862068966
1	0.595238095	0.909090909
1	0.591715976	0.25862069
1	0.520833333	0.757575758
0.980582524	0.58045977	0.841121495
0.99009901	0.570512821	0.540540541
1	0.515463918	0.28057554
1	0.598802395	0.64516129
1	0.520833333	0.65034965
0.961538462	0.518134715	0.558659218
0.900900901	0.5	0.505050505
0.909090909	0.546448087	0.512820513
1	1	0.704225352
1	0.591715976	0.636942675
1	0.578034682	0.518134715
0.684931507	0.590643275	0.647435897
0.417391304	0.518134715	0.454545455
0.675438596	0.428571429	0.502512563
1	1	0.616541353
1	1	0.681818182
1	1	0.712121212
1	1	0.836206897
1	1	0.552486188
1	1	0.608974359
1	0.558659218	0.558659218
0.980392157	0.564971751	0.787401575
0.970873786	0.568181818	0.295652174
0.970873786	0.584795322	0.611464968
0.917431193	0.537634409	0.507614213
0.961538462	0.520833333	0.613138686
1	1	0.724637681
0.952380952	0.574712644	0.675675676
0.990196078	0.551912568	0.519736842
0.953271028	0.554347826	0.51
0.918181818	0.531578947	0.488636364
0.770642202	0.515463918	0.5
1	1	0.485875706
0.980392157	0.657894737	0.578034682
0.961538462	0.636942675	0.537634409
0.96	0.5	0.67114094
0.884955752	0.5	0.49122807
0.414634146	0.505952381	0.47826087
1	1	0.588235294
1	1	0.740740741
1	1	0.635761589
1	1	0.8
1	1	0.675675676
1	1	0.537634409
1	0.523560209	0
1	0.526315789	0.662251656
1	0.523560209	0.605633803
1	0.526315789	0.510204082
1	0.581395349	0.598684211
0.970873786	0.588235294	0.531914894
1	0.578034682	0.555555556
1	0.578034682	0.64516129
1	0.526315789	0.230769231
0.909090909	0.564971751	0.574712644
0.970873786	0.558659218	0.515463918
0.862068966	0.299145299	0.505050505
1	0.571428571	0.539877301
1	1	0.5
1	0.621118012	0.535294118
0.892857143	0.581395349	0.5
0.393162393	0.520833333	0.505050505
0.81300813	0.558659218	0.515463918
1	1	0.153846154
1	1	0.961538462
1	1	0.63559322
1	1	0.561797753
1	1	0.591715976
1	1	0.520833333
1	0.602409639	0.165289256
1	0.588235294	0.225225225
0.990196078	0.534391534	0.528795812
0.980582524	0.537234043	0.56741573
0.961904762	0.531578947	0.512690355
0.961538462	0.549450549	0.578616352
1	0.578034682	0.389312977
1	0.534759358	0.5
1	0.56043956	0.51
0.925925926	0.523560209	0.614285714
0.943925234	0.505	0.543010753
0.885964912	0.604790419	0.543010753
0.952380952	0.952380952	0.729927007
1	0.53968254	0.739130435
0.81300813	0.584795322	0.517647059
0.909090909	0.529100529	0.606060606
0.909090909	0.540540541	0.517985612
0.888888889	0.63030303	0.527918782
1	1	1
1	1	1
1	1	1
1	1	1
1	0.5	1
1	1	0.534759358
1	0.613496933	0.869565217
1	0.615853659	0.196721311
1	0.597633136	0.263473054
0.971153846	0.573863636	0.362068966
0.971698113	0.463414634	0.510309278
0.961904762	0.505	0.481481481
1	0.571428571	0.441558442
1	0.569832402	0.279411765
1	0.573033708	0.512562814
0.826923077	0.55026455	0.544502618
0.92920354	0.407185629	0.525
0.981981982	0.545	0.510309278
1	0.892857143	0.720588235
0.85	0.576271186	0.528497409
1	0.88034188	0.515
0.87804878	0.268571429	0.502538071
0.655737705	0.430051813	0.535
0.88976378	0.604278075	0.738562092
1	1	1
1	1	1
1	1	1
1	1	1
1	1	1
1	1	1
1	0.574712644	0.78125
1	0.682432432	0.87826087
1	0.653594771	0.787401575
1	0.559139785	0.795081967
0.935185185	0.660130719	0.608433735
0.961538462	0.787401575	0.638297872
1	0.571428571	0.735294118
1	0.604790419	0.546583851
1	0.583815029	0.505
0.892857143	0.512820513	0.669064748
0.971153846	0.62345679	0.6
0.805555556	0.536842105	0.542553191
1	0.571428571	0.72519084
1	0.584795322	0.537634409
0.603305785	0.531914894	0.5
0.72173913	0.542553191	0.471590909
0.495412844	0.563758389	0.518134715
0.463414634	0.549222798	0.508196721
1	1	1
1	1	1
1	1	1
1	1	1
1	1	1
1	1	1
1	0.581395349	0.666666667
1	0.581395349	0.806722689
1	0.64516129	0.724637681
1	0.512820513	0.769230769
0.980582524	0.583815029	0.601190476
0.961538462	0.934579439	0.512820513
1	0.606060606	0.69924812
1	0.554945055	0.726618705
0.821138211	0.55801105	0.657534247
0.76	0.523560209	0.680851064
0.953271028	0.6375	0.532967033
0.651785714	0.569060773	0.558823529
1	0.609756098	0.511627907
1	0.598802395	0.675675676
0.784615385	0.554347826	0.648648649
0.910714286	0.545454545	0.701388889
0.633027523	0.536842105	0.459459459
0.598290598	0.544973545	0.515
1	1	1
1	1	1
1	1	1
1	1	1
1	1	1
1	1	1
0.934579439	0.609756098	0.694444444
1	0.574712644	0.64516129
1	0.635220126	0.664473684
1	0.602409639	0.763358779
1	0.606060606	0.697841727
0.980392157	0.574712644	0.806451613
1	0.613496933	0.621118012
1	0.571428571	0.568181818
0.821138211	0.627329193	0.737226277
0.927272727	0.576271186	0.688405797
0.732142857	0.537634409	0.569767442
0.885964912	0.505	0.573248408
1	0.571428571	0.5
0.523364486	0.534391534	0.505
1	0.58045977	0.584415584
0.684210526	0.536458333	0.664335664
0.643356643	0.530927835	0.473684211
0.581196581	0.48447205	0.494736842
1	0.961538462	0.653594771
1	0.961538462	0.653594771
1	0.961538462	0.653594771
1	0.961538462	0.657894737
1	0.961538462	0.49
1	0.961538462	0.507614213
1	0.523560209	0
1	0.555555556	0.201680672
1	0.555555556	0.518134715
0.952380952	0.526315789	0.366071429
0.970873786	0.552486188	0.518134715
0.943396226	0.578034682	0.520833333
1	0.555555556	0.569767442
1	0.534759358	0.578034682
1	0.520833333	0.223880597
0.952380952	0.523560209	0.512820513
0.900900901	0.537634409	0.5
0.547008547	0.520325203	0.518134715
1	0.531914894	0.578034682
0.980392157	0.980392157	0.503311258
0.980392157	0.558659218	0.527777778
0.869565217	0.555555556	0.5
0.32173913	0.531914894	0.496551724
0.404958678	0.56	0.512820513
1	1	0.546448087
1	1	0.5
1	0.657894737	0.683453237
1	0.657894737	0.531914894
1	0.657894737	0.5
1	0.657894737	0.546448087
1	0.555555556	0.543478261
1	0.555555556	0.503144654
0.99009901	0.549450549	0.5
0.952380952	0.507614213	0.5
0.980392157	0.5	0.540540541
0.796460177	0.555555556	0.546448087
1	0.546448087	0.5
1	0.540540541	0.621118012
0.99009901	0.5	0.512820513
0.99009901	0.45	0.5
0.537815126	0.524590164	0.520833333
0.695652174	0.5	0.529100529
0.653594771	0.540540541	0.5
1	0.534759358	0.602409639
0.970873786	0.232	0.5
0.925925926	0.304	0.515463918
0.459677419	0.531578947	0.505
0.526315789	0.537634409	0.531914894
1	1	0.763358779
1	1	0.763358779
1	1	0.81300813
1	1	0.666666667
1	1	0.662251656
1	1	0.651515152
1	0.581395349	0.666666667
1	0.540540541	0.578034682
1	0.552486188	0.602409639
1	0.552486188	0.724637681
0.952380952	0.510204082	0.589928058
0.980392157	0.729927007	0.65
1	0.552486188	0.009259259
1	0.546448087	0.628930818
1	0.543478261	0.613496933
0.943396226	0.510204082	0.507614213
0.952380952	0.540540541	0.601449275
0.884955752	0.523560209	0.531914894
0.78125	0.537634409	0.529100529
1	0.628930818	0.51744186
0.793650794	0.588235294	0.5
0.776923077	0.627329193	0.507537688
0.855932203	0.505	0.473988439
0.415254237	0.561111111	0.413793103
