MDL_RM_r,RuleGO,DTHF
1.0,1.0,1.0
1.0,1.0,1.0
1.0,1.0,1.0
1.0,1.0,1.0
1.0,1.0,1.0
1.0,1.0,1.0
1.0,1.0,1.0
1.0,1.0,1.0
1.0,1.0,1.0
1.0,1.0,0.92
1.0,1.0,1.0
1.0,1.0,0.24
1.0,1.0,0.26
1.0,1.0,1.0
1.0,1.0,1.0
1.0,1.0,0.94
1.0,1.0,1.0
1.0,1.0,0.5544554455445545
1.0,1.0,1.0
1.0,1.0,0.94
1.0,1.0,0.87
1.0,1.0,1.0
0.43,1.0,0.52
0.45,1.0,0.18
1.0,1.0,1.0
1.0,1.0,1.0
1.0,1.0,1.0
1.0,1.0,1.0
1.0,1.0,1.0
1.0,1.0,0.75
1.0,1.0,1.0
1.0,1.0,0.18
1.0,1.0,0.97
1.0,1.0,1.0
0.92,1.0,1.0
1.0,0.78,1.0
1.0,1.0,0.26
1.0,1.0,1.0
1.0,1.0,1.0
1.0,1.0,1.0
1.0,1.0,0.76
1.0,1.0,0.62
1.0,1.0,1.0
0.86,1.0,1.0
1.0,1.0,0.95
0.82,1.0,1.0
1.0,0.99,0.76
0.45544554455445546,1.0,0.5445544554455446
1.0,1.0,1.0
1.0,1.0,1.0
1.0,1.0,1.0
1.0,1.0,1.0
1.0,1.0,1.0
1.0,1.0,0.54
1.0,1.0,1.0
1.0,1.0,1.0
1.0,1.0,1.0
1.0,1.0,0.45
1.0,1.0,1.0
1.0,1.0,0.54
1.0,0.58,0.86
1.0,1.0,0.88
1.0,0.6732673267326733,0.9405940594059405
1.0,1.0,1.0
1.0,1.0,1.0
0.83,1.0,1.0
1.0,1.0,1.0
1.0,1.0,1.0
1.0,1.0,1.0
1.0,1.0,0.81
1.0,1.0,1.0
0.77,0.57,0.68
1.0,1.0,1.0
1.0,1.0,1.0
1.0,0.655,0.995
0.355,0.715,0.84
0.39,0.995,0.95
0.42,0.705,0.565
1.0,1.0,1.0
1.0,1.0,1.0
0.25,1.0,1.0
0.45,0.66,0.67
0.44,0.835,0.98
0.48,0.95,0.71
1.0,0.605,1.0
1.0,1.0,0.905
0.625,0.625,0.975
0.29,0.625,0.8
0.35,0.995,0.99
0.43,0.71,0.66
1.0,1.0,0.88
1.0,0.66,0.995
0.27,0.445,0.695
0.18,1.0,0.865
0.345,0.995,0.795
0.505,0.725,0.77
1.0,1.0,1.0
1.0,1.0,1.0
1.0,1.0,1.0
1.0,1.0,1.0
1.0,1.0,0.98
1.0,1.0,0.54
1.0,1.0,1.0
1.0,1.0,0.17
1.0,1.0,1.0
1.0,1.0,1.0
1.0,1.0,0.96
1.0,1.0,0.58
1.0,1.0,1.0
1.0,1.0,1.0
1.0,1.0,1.0
1.0,1.0,1.0
1.0,1.0,1.0
1.0,1.0,1.0
1.0,1.0,1.0
1.0,1.0,0.56
1.0,1.0,0.83
1.0,1.0,1.0
0.53,1.0,0.82
0.59,1.0,1.0
1.0,1.0,1.0
1.0,1.0,1.0
1.0,1.0,1.0
1.0,1.0,1.0
1.0,1.0,1.0
1.0,1.0,1.0
1.0,1.0,0.03
1.0,1.0,1.0
1.0,1.0,0.42
1.0,1.0,1.0
1.0,1.0,0.9411764705882353
1.0,1.0,0.9029126213592233
1.0,1.0,1.0
1.0,1.0,1.0
1.0,1.0,0.4380952380952381
1.0,1.0,0.9903846153846154
1.0,1.0,1.0
1.0,1.0,1.0
1.0,1.0,1.0
1.0,1.0,1.0
1.0,1.0,0.8269230769230769
1.0,0.5327102803738317,0.8598130841121495
1.0,0.6037735849056604,0.8962264150943396
0.5765765765765766,1.0,1.0
1.0,1.0,1.0
1.0,1.0,1.0
1.0,1.0,1.0
1.0,1.0,1.0
1.0,1.0,1.0
1.0,1.0,1.0
1.0,1.0,0.22
1.0,1.0,1.0
1.0,1.0,0.3564356435643564
1.0,1.0,0.9504950495049505
1.0,1.0,0.9705882352941176
1.0,1.0,0.99
1.0,1.0,1.0
1.0,1.0,1.0
1.0,1.0,0.8910891089108911
1.0,1.0,0.94
1.0,1.0,1.0
1.0,1.0,0.7549019607843137
1.0,1.0,1.0
1.0,1.0,1.0
0.8712871287128713,1.0,0.7722772277227723
1.0,1.0,1.0
1.0,1.0,0.9504950495049505
1.0,1.0,0.7941176470588235
1.0,0.385,1.0
0.46,0.415,1.0
0.46,0.425,0.98
0.525,0.59,1.0
0.56,0.39,0.98
0.45,0.78,0.94
1.0,1.0,0.83
0.235,0.395,0.99
0.49,0.435,1.0
0.44,0.56,0.955
0.425,0.91,1.0
0.51,0.73,0.935
1.0,1.0,1.0
1.0,1.0,0.805
0.445,0.445,1.0
0.305,1.0,0.93
0.295,0.71,0.635
0.48,0.955,0.565
1.0,1.0,0.875
1.0,1.0,1.0
0.275,0.45,0.805
0.225,0.86,0.66
0.38,0.715,0.985
0.465,0.755,1.0
1.0,1.0,1.0
1.0,1.0,1.0
1.0,1.0,1.0
1.0,1.0,1.0
1.0,1.0,1.0
1.0,1.0,0.76
1.0,1.0,0.96
1.0,1.0,1.0
1.0,1.0,1.0
1.0,1.0,1.0
1.0,1.0,1.0
1.0,1.0,0.77
1.0,1.0,1.0
1.0,1.0,1.0
1.0,1.0,1.0
1.0,1.0,0.78
1.0,1.0,0.65
1.0,1.0,0.64
1.0,1.0,1.0
1.0,1.0,0.82
1.0,1.0,1.0
1.0,1.0,1.0
0.44,1.0,1.0
0.46,1.0,1.0
1.0,1.0,1.0
1.0,1.0,1.0
1.0,1.0,1.0
1.0,1.0,1.0
1.0,1.0,0.88
1.0,1.0,0.95
1.0,1.0,1.0
1.0,1.0,0.81
1.0,1.0,1.0
1.0,1.0,1.0
1.0,1.0,1.0
1.0,1.0,0.76
1.0,1.0,0.11
1.0,1.0,1.0
1.0,1.0,1.0
1.0,1.0,1.0
1.0,1.0,1.0
1.0,1.0,0.82
1.0,1.0,0.9
1.0,1.0,1.0
1.0,1.0,1.0
1.0,1.0,1.0
0.4,1.0,0.7
0.5544554455445545,1.0,0.7227722772277227
1.0,1.0,1.0
1.0,1.0,1.0
1.0,1.0,1.0
1.0,1.0,1.0
1.0,1.0,1.0
1.0,1.0,1.0
1.0,1.0,1.0
1.0,1.0,1.0
1.0,1.0,1.0
1.0,1.0,1.0
1.0,1.0,1.0
0.900990099009901,1.0,1.0
1.0,1.0,0.86
1.0,1.0,1.0
1.0,1.0,1.0
1.0,1.0,1.0
1.0,1.0,1.0
0.801980198019802,1.0,1.0
1.0,1.0,1.0
0.82,1.0,0.94
1.0,1.0,1.0
1.0,1.0,1.0
0.6138613861386139,1.0,1.0
0.7019230769230769,1.0,1.0
1.0,1.0,1.0
1.0,1.0,1.0
0.225,1.0,1.0
0.28,0.82,1.0
0.415,0.68,0.92
0.43,0.615,0.83
1.0,1.0,0.835
1.0,1.0,1.0
0.24,1.0,1.0
0.29,0.725,0.67
0.375,0.78,0.75
0.43,0.695,0.625
1.0,1.0,0.92
1.0,1.0,1.0
1.0,0.435,1.0
0.41,0.71,1.0
0.345,0.77,0.98
0.48,1.0,0.915
0.245,1.0,1.0
1.0,1.0,1.0
0.615,0.69,1.0
0.26,0.735,0.785
0.365,0.67,0.88
0.42,0.65,0.91
1.0,1.0,1.0
1.0,1.0,1.0
1.0,1.0,1.0
1.0,1.0,1.0
1.0,1.0,1.0
1.0,1.0,1.0
1.0,1.0,1.0
1.0,1.0,1.0
1.0,1.0,0.99
1.0,1.0,1.0
1.0,1.0,1.0
1.0,1.0,1.0
1.0,1.0,1.0
1.0,1.0,1.0
1.0,1.0,0.89
1.0,1.0,1.0
1.0,1.0,0.78
1.0,1.0,1.0
1.0,1.0,1.0
1.0,1.0,0.79
1.0,1.0,0.96
1.0,1.0,1.0
0.74,1.0,0.86
0.61,1.0,0.95
1.0,1.0,1.0
1.0,1.0,1.0
1.0,1.0,1.0
1.0,1.0,1.0
1.0,1.0,1.0
1.0,1.0,1.0
1.0,1.0,1.0
1.0,1.0,1.0
0.98,1.0,0.95
1.0,1.0,1.0
1.0,1.0,1.0
1.0,1.0,0.42
1.0,1.0,0.8
1.0,1.0,0.83
0.98,1.0,0.81
1.0,1.0,0.9504950495049505
0.85,1.0,0.59
1.0,1.0,1.0
1.0,1.0,1.0
1.0,1.0,0.83
1.0,1.0,1.0
0.8,1.0,0.71
0.44554455445544555,1.0,0.9405940594059405
0.55,1.0,1.0
1.0,1.0,1.0
1.0,1.0,1.0
1.0,1.0,1.0
1.0,1.0,1.0
1.0,1.0,1.0
1.0,1.0,1.0
1.0,1.0,0.96
1.0,1.0,1.0
1.0,1.0,1.0
1.0,1.0,0.9
1.0,1.0,0.89
1.0,1.0,0.97
1.0,1.0,1.0
1.0,1.0,0.83
1.0,1.0,0.82
1.0,1.0,1.0
1.0,1.0,1.0
1.0,1.0,1.0
1.0,1.0,1.0
1.0,1.0,1.0
1.0,1.0,0.81
1.0,1.0,0.7
0.8,1.0,1.0
0.82,1.0,1.0
1.0,1.0,1.0
1.0,1.0,1.0
1.0,1.0,1.0
1.0,1.0,1.0
1.0,1.0,1.0
1.0,1.0,1.0
1.0,1.0,1.0
1.0,1.0,0.3
1.0,1.0,0.24
1.0,1.0,1.0
1.0,1.0,1.0
1.0,1.0,1.0
1.0,1.0,0.41
1.0,1.0,0.21
1.0,1.0,1.0
1.0,1.0,1.0
1.0,1.0,0.5
0.66,1.0,1.0
1.0,1.0,1.0
1.0,1.0,1.0
1.0,1.0,1.0
1.0,1.0,1.0
1.0,1.0,1.0
0.49,1.0,0.69
1.0,1.0,1.0
1.0,1.0,1.0
1.0,1.0,1.0
1.0,1.0,1.0
1.0,1.0,1.0
1.0,1.0,1.0
1.0,1.0,0.36
1.0,1.0,1.0
1.0,1.0,1.0
1.0,1.0,1.0
1.0,1.0,1.0
1.0,1.0,0.68
1.0,1.0,1.0
1.0,1.0,1.0
1.0,1.0,0.91
1.0,1.0,1.0
1.0,1.0,1.0
1.0,1.0,1.0
1.0,1.0,0.86
1.0,1.0,0.71
1.0,1.0,0.7821782178217822
1.0,1.0,1.0
1.0,1.0,1.0
0.49504950495049505,1.0,0.36633663366336633
1.0,1.0,1.0
1.0,1.0,1.0
1.0,1.0,1.0
1.0,1.0,1.0
1.0,1.0,1.0
1.0,1.0,1.0
1.0,1.0,1.0
1.0,1.0,0.15
1.0,1.0,1.0
1.0,1.0,0.59
1.0,1.0,1.0
0.9,1.0,1.0
1.0,1.0,1.0
1.0,1.0,1.0
1.0,1.0,1.0
1.0,1.0,1.0
1.0,1.0,1.0
0.8,1.0,1.0
1.0,1.0,1.0
1.0,1.0,1.0
1.0,1.0,1.0
0.43,1.0,1.0
0.5882352941176471,1.0,1.0
0.7087378640776699,1.0,1.0
1.0,1.0,1.0
1.0,1.0,1.0
1.0,1.0,1.0
1.0,1.0,1.0
1.0,1.0,1.0
1.0,1.0,1.0
1.0,1.0,1.0
1.0,1.0,1.0
1.0,1.0,1.0
1.0,1.0,1.0
1.0,1.0,1.0
1.0,1.0,1.0
1.0,1.0,1.0
1.0,1.0,1.0
1.0,1.0,1.0
1.0,1.0,1.0
1.0,1.0,0.8058252427184466
0.803921568627451,1.0,1.0
0.76,1.0,0.8
1.0,1.0,0.73
1.0,1.0,0.8137254901960784
1.0,1.0,1.0
0.6019417475728155,1.0,1.0
0.696078431372549,1.0,1.0
1.0,1.0,1.0
1.0,1.0,1.0
1.0,1.0,1.0
1.0,1.0,1.0
1.0,1.0,1.0
1.0,1.0,1.0
1.0,1.0,1.0
1.0,1.0,1.0
1.0,1.0,1.0
1.0,1.0,0.8712871287128713
1.0,1.0,0.88
1.0,1.0,0.9
1.0,1.0,0.74
1.0,1.0,1.0
1.0,1.0,0.72
1.0,1.0,0.75
1.0,1.0,1.0
1.0,1.0,1.0
1.0,1.0,1.0
1.0,1.0,0.72
1.0,1.0,1.0
1.0,1.0,0.73
0.45,1.0,1.0
1.0,1.0,1.0
1.0,1.0,1.0
1.0,1.0,1.0
1.0,1.0,1.0
1.0,1.0,1.0
1.0,1.0,1.0
1.0,1.0,1.0
1.0,1.0,1.0
1.0,1.0,1.0
1.0,1.0,1.0
1.0,1.0,0.92
1.0,1.0,1.0
1.0,1.0,0.9
1.0,1.0,0.97
1.0,1.0,0.93
1.0,1.0,0.99
1.0,1.0,1.0
1.0,1.0,0.78
1.0,1.0,1.0
1.0,1.0,1.0
1.0,1.0,1.0
1.0,1.0,0.8613861386138614
1.0,1.0,0.7029702970297029
0.45544554455445546,1.0,1.0
0.5346534653465347,1.0,0.7029702970297029
1.0,1.0,1.0
1.0,1.0,1.0
1.0,1.0,1.0
1.0,1.0,1.0
1.0,1.0,1.0
1.0,1.0,1.0
1.0,1.0,1.0
1.0,1.0,1.0
1.0,1.0,0.49504950495049505
1.0,1.0,0.42574257425742573
1.0,1.0,1.0
0.9504950495049505,1.0,0.9306930693069307
1.0,0.77,0.58
1.0,0.5148514851485149,1.0
1.0,1.0,0.6504854368932039
0.8252427184466019,1.0,0.8737864077669902
0.6601941747572816,0.912621359223301,0.9805825242718447
0.6730769230769231,1.0,0.9038461538461539
0.56,0.56,0.67
1.0,1.0,0.75
1.0,1.0,0.9809523809523809
0.8640776699029126,0.883495145631068,1.0
0.49504950495049505,0.8811881188118812,0.9207920792079208
0.6095238095238096,0.8380952380952381,0.9809523809523809
1.0,1.0,1.0
1.0,1.0,1.0
1.0,1.0,1.0
0.93,1.0,1.0
0.92,1.0,1.0
0.95,1.0,1.0
1.0,1.0,0.54
1.0,1.0,0.6732673267326733
1.0,1.0,1.0
1.0,1.0,0.74
1.0,1.0,1.0
1.0,1.0,0.9702970297029703
1.0,0.49,0.55
1.0,0.5,0.99
1.0,1.0,0.6336633663366337
1.0,1.0,0.9504950495049505
1.0,1.0,0.9902912621359223
1.0,1.0,0.970873786407767
1.0,1.0,0.59
1.0,0.39,0.86
0.8365384615384616,0.9519230769230769,1.0
0.8640776699029126,0.7572815533980582,0.9805825242718447
0.6981132075471698,1.0,1.0
0.5865384615384616,1.0,0.9711538461538461
1.0,1.0,1.0
1.0,1.0,1.0
1.0,1.0,1.0
1.0,1.0,1.0
1.0,1.0,1.0
1.0,1.0,1.0
1.0,1.0,0.54
1.0,1.0,0.7281553398058253
1.0,1.0,0.6176470588235294
1.0,1.0,0.9108910891089109
1.0,1.0,0.9504950495049505
0.9428571428571428,1.0,0.9523809523809523
1.0,0.49,1.0
1.0,0.74,0.61
0.8415841584158416,1.0,1.0
1.0,1.0,0.9603960396039604
0.8269230769230769,1.0,0.9711538461538461
0.625,1.0,1.0
1.0,1.0,0.86
1.0,0.5339805825242718,1.0
1.0,0.6534653465346535,0.8514851485148515
0.6730769230769231,1.0,0.9903846153846154
0.4074074074074074,1.0,0.9351851851851852
0.5333333333333333,1.0,0.9809523809523809
1.0,1.0,0.53
1.0,1.0,1.0
1.0,1.0,1.0
1.0,1.0,1.0
1.0,1.0,1.0
1.0,1.0,1.0
1.0,1.0,0.62
1.0,1.0,1.0
1.0,1.0,0.7623762376237624
1.0,1.0,0.81
1.0,1.0,0.99
1.0,1.0,0.9705882352941176
1.0,1.0,0.92
1.0,1.0,0.85
1.0,0.8118811881188119,1.0
0.6601941747572816,0.8640776699029126,1.0
0.6336633663366337,1.0,0.9603960396039604
0.6116504854368932,0.8932038834951457,0.7669902912621359
1.0,1.0,0.67
1.0,0.5294117647058824,1.0
0.7,0.59,1.0
0.6764705882352942,1.0,0.7450980392156863
0.5145631067961165,1.0,1.0
0.5436893203883495,0.941747572815534,0.970873786407767
1.0,1.0,0.55
1.0,1.0,0.57
1.0,1.0,0.57
1.0,1.0,1.0
1.0,1.0,1.0
1.0,1.0,1.0
1.0,1.0,0.64
1.0,1.0,0.7128712871287128
1.0,1.0,0.68
1.0,1.0,0.7821782178217822
1.0,1.0,0.96
1.0,1.0,0.9313725490196079
1.0,0.51,0.22
1.0,1.0,1.0
1.0,1.0,0.7843137254901961
1.0,1.0,1.0
0.6831683168316832,1.0,1.0
0.7722772277227723,1.0,0.9603960396039604
1.0,0.52,0.73
1.0,0.55,1.0
0.8529411764705882,0.7941176470588235,1.0
0.5247524752475248,1.0,1.0
0.44660194174757284,0.8737864077669902,1.0
0.5145631067961165,0.8446601941747572,0.7766990291262136
1.0,1.0,1.0
1.0,1.0,1.0
1.0,1.0,1.0
1.0,1.0,1.0
0.91,1.0,1.0
0.96,0.98,1.0
1.0,0.61,0.75
1.0,0.59,1.0
1.0,0.63,0.8
1.0,1.0,1.0
1.0,1.0,1.0
1.0,1.0,0.9900990099009901
1.0,0.61,0.9
1.0,0.6372549019607843,0.8921568627450981
1.0,0.8,0.86
1.0,0.6534653465346535,0.9900990099009901
0.6336633663366337,1.0,0.9504950495049505
0.6470588235294118,1.0,1.0
1.0,1.0,1.0
0.594059405940594,0.594059405940594,0.8514851485148515
0.5882352941176471,0.8235294117647058,1.0
0.594059405940594,1.0,1.0
0.4158415841584158,1.0,1.0
0.6095238095238096,0.8666666666666667,0.638095238095238
1.0,1.0,0.65
1.0,1.0,0.66
1.0,1.0,1.0
1.0,1.0,1.0
1.0,1.0,1.0
0.9,1.0,1.0
1.0,1.0,0.71
1.0,1.0,0.2376237623762376
1.0,1.0,1.0
1.0,1.0,1.0
1.0,1.0,0.9038461538461539
0.86,1.0,0.95
1.0,1.0,1.0
1.0,0.61,0.69
1.0,0.6,0.99
1.0,0.7821782178217822,0.9108910891089109
0.7821782178217822,1.0,0.900990099009901
0.6633663366336634,1.0,0.9702970297029703
0.73,0.64,0.63
0.73,0.64,1.0
1.0,0.8613861386138614,1.0
0.6990291262135923,0.7572815533980582,0.883495145631068
0.5288461538461539,1.0,0.875
0.6078431372549019,0.9313725490196079,1.0
1.0,1.0,1.0
1.0,1.0,1.0
1.0,1.0,1.0
0.93,1.0,1.0
1.0,1.0,1.0
1.0,1.0,1.0
1.0,1.0,0.66
1.0,1.0,0.6764705882352942
1.0,1.0,0.98
1.0,1.0,0.7745098039215687
1.0,1.0,0.7941176470588235
0.8725490196078431,1.0,1.0
1.0,0.52,1.0
1.0,1.0,1.0
1.0,0.5588235294117647,0.9411764705882353
1.0,1.0,0.98
1.0,1.0,0.9504950495049505
0.7475728155339806,0.941747572815534,0.4077669902912621
1.0,1.0,0.58
1.0,1.0,0.91
1.0,1.0,1.0
0.5769230769230769,0.9230769230769231,0.9326923076923077
0.5392156862745098,0.7549019607843137,1.0
0.5462962962962963,1.0,0.8148148148148148
1.0,1.0,0.47
1.0,1.0,0.48
1.0,1.0,0.48
1.0,1.0,0.83
1.0,1.0,1.0
0.84,1.0,1.0
1.0,1.0,0.01
1.0,1.0,0.98
1.0,1.0,1.0
1.0,1.0,0.89
1.0,1.0,0.9306930693069307
0.76,1.0,0.99
1.0,0.82,0.66
1.0,0.86,0.53
1.0,1.0,1.0
1.0,1.0,1.0
0.7128712871287128,1.0,0.7326732673267327
1.0,1.0,0.7450980392156863
1.0,1.0,0.96
1.0,0.58,1.0
1.0,0.8431372549019608,1.0
0.4411764705882353,0.8431372549019608,1.0
0.7029702970297029,1.0,0.9108910891089109
0.5865384615384616,1.0,0.7692307692307693
1.0,1.0,0.57
1.0,1.0,0.58
1.0,1.0,0.59
1.0,1.0,1.0
1.0,1.0,0.59
1.0,1.0,1.0
1.0,1.0,1.0
1.0,1.0,0.32
1.0,1.0,0.7425742574257426
1.0,1.0,0.9603960396039604
1.0,1.0,0.9702970297029703
1.0,1.0,0.9313725490196079
1.0,1.0,0.66
1.0,1.0,1.0
0.8316831683168316,1.0,1.0
1.0,1.0,0.7669902912621359
1.0,1.0,0.8504672897196262
0.6893203883495146,1.0,0.8932038834951457
1.0,1.0,1.0
0.57,0.57,1.0
1.0,0.7425742574257426,0.9504950495049505
0.6442307692307693,1.0,0.9519230769230769
0.5648148148148148,1.0,0.9166666666666666
0.5514018691588785,1.0,0.822429906542056
1.0,1.0,0.58
1.0,1.0,0.58
1.0,1.0,1.0
1.0,1.0,0.62
0.93,1.0,1.0
0.9,1.0,1.0
1.0,1.0,0.44
1.0,1.0,0.7524752475247525
1.0,1.0,0.9405940594059405
1.0,1.0,0.9207920792079208
1.0,1.0,0.9142857142857143
1.0,1.0,0.9619047619047619
1.0,0.6,0.64
1.0,0.5619047619047619,1.0
1.0,0.5436893203883495,0.9223300970873787
0.7884615384615384,1.0,1.0
0.7788461538461539,1.0,0.9326923076923077
0.6571428571428571,1.0,1.0
0.52,0.52,0.83
1.0,0.39215686274509803,1.0
0.4803921568627451,0.8823529411764706,0.5294117647058824
1.0,0.8349514563106796,0.8737864077669902
0.6346153846153846,1.0,1.0
0.6666666666666666,1.0,0.954954954954955
1.0,1.0,0.56
1.0,1.0,0.59
0.9,1.0,0.62
1.0,1.0,0.64
0.95,1.0,0.61
1.0,1.0,1.0
1.0,1.0,0.1
1.0,1.0,0.6435643564356436
1.0,1.0,1.0
1.0,1.0,0.7722772277227723
1.0,1.0,0.9809523809523809
0.8316831683168316,1.0,0.9405940594059405
1.0,1.0,0.59
1.0,1.0,1.0
1.0,1.0,1.0
1.0,1.0,0.8058252427184466
1.0,1.0,1.0
0.8557692307692307,1.0,0.9423076923076923
1.0,0.59,0.68
1.0,0.5294117647058824,0.9411764705882353
1.0,1.0,1.0
0.6761904761904762,0.9047619047619048,0.9047619047619048
0.4854368932038835,1.0,1.0
0.660377358490566,1.0,0.9905660377358491
1.0,1.0,1.0
1.0,1.0,1.0
1.0,1.0,1.0
1.0,1.0,1.0
1.0,1.0,1.0
1.0,1.0,1.0
1.0,1.0,0.01
1.0,1.0,0.2
1.0,1.0,1.0
1.0,1.0,1.0
1.0,1.0,1.0
1.0,1.0,0.9207920792079208
1.0,1.0,1.0
1.0,1.0,1.0
1.0,1.0,0.97
1.0,1.0,0.51
1.0,1.0,0.9320388349514563
1.0,1.0,0.8446601941747572
1.0,1.0,0.24
1.0,1.0,1.0
0.9108910891089109,1.0,0.801980198019802
1.0,1.0,1.0
1.0,1.0,0.9805825242718447
0.5544554455445545,0.7920792079207921,1.0
1.0,1.0,1.0
1.0,1.0,0.53
1.0,1.0,1.0
1.0,1.0,0.72
1.0,1.0,1.0
1.0,1.0,1.0
1.0,0.52,1.0
1.0,1.0,1.0
1.0,0.504950495049505,1.0
1.0,0.8811881188118812,0.8613861386138614
0.9306930693069307,1.0,0.6633663366336634
0.9108910891089109,1.0,1.0
1.0,0.51,1.0
1.0,0.54,1.0
0.900990099009901,0.5742574257425742,1.0
0.62,1.0,1.0
0.61,1.0,0.91
0.5544554455445545,0.8118811881188119,0.8316831683168316
1.0,1.0,0.89
1.0,0.81,1.0
1.0,0.5247524752475248,0.7128712871287128
0.43564356435643564,0.7920792079207921,1.0
0.37254901960784315,1.0,0.9313725490196079
0.54,0.8,0.84
1.0,1.0,0.85
1.0,1.0,1.0
1.0,1.0,1.0
1.0,1.0,1.0
0.94,1.0,0.87
1.0,1.0,1.0
1.0,0.58,1.0
1.0,0.63,0.64
0.9207920792079208,1.0,1.0
1.0,0.91,1.0
0.9,0.93,1.0
0.82,0.95,0.98
1.0,0.55,1.0
1.0,0.57,1.0
1.0,0.9207920792079208,1.0
0.67,0.91,1.0
0.7,0.98,0.87
0.6831683168316832,0.8910891089108911,0.8514851485148515
1.0,0.6,1.0
1.0,0.9,1.0
1.0,0.7029702970297029,1.0
0.8316831683168316,0.9108910891089109,0.7722772277227723
0.37623762376237624,0.9306930693069307,0.8811881188118812
0.44554455445544555,0.8118811881188119,0.9108910891089109
1.0,1.0,1.0
1.0,1.0,1.0
1.0,1.0,1.0
0.89,1.0,1.0
1.0,1.0,1.0
1.0,1.0,0.96
1.0,1.0,0.86
1.0,1.0,0.73
1.0,1.0,1.0
1.0,1.0,0.86
1.0,1.0,1.0
0.92,1.0,0.97
1.0,0.49,1.0
1.0,0.5742574257425742,0.9405940594059405
1.0,0.58,0.89
0.85,1.0,1.0
0.7184466019417476,1.0,0.9805825242718447
0.594059405940594,1.0,0.8613861386138614
1.0,1.0,0.79
1.0,0.54,1.0
1.0,0.82,0.95
0.57,0.83,0.98
0.4117647058823529,1.0,1.0
0.43137254901960786,0.6862745098039216,0.9313725490196079
1.0,1.0,1.0
1.0,1.0,1.0
1.0,1.0,1.0
1.0,1.0,1.0
1.0,1.0,1.0
1.0,1.0,1.0
1.0,1.0,1.0
1.0,1.0,0.04
1.0,1.0,1.0
1.0,1.0,1.0
1.0,1.0,0.9504950495049505
0.8333333333333334,1.0,0.9705882352941176
1.0,1.0,1.0
1.0,1.0,0.3465346534653465
1.0,1.0,0.9207920792079208
1.0,1.0,1.0
1.0,1.0,0.9029126213592233
1.0,0.8431372549019608,0.8529411764705882
1.0,1.0,0.97
1.0,1.0,1.0
1.0,1.0,0.8217821782178217
1.0,1.0,0.81
0.7352941176470589,0.8529411764705882,1.0
0.5980392156862745,0.8627450980392157,0.9411764705882353
1.0,1.0,1.0
1.0,1.0,0.84
1.0,1.0,1.0
1.0,1.0,1.0
1.0,1.0,1.0
1.0,1.0,1.0
1.0,1.0,1.0
1.0,1.0,1.0
1.0,1.0,0.73
1.0,1.0,0.87
0.83,1.0,1.0
1.0,1.0,0.96
1.0,1.0,1.0
1.0,1.0,0.76
0.91,1.0,0.99
1.0,1.0,0.95
0.6568627450980392,1.0,0.7941176470588235
0.67,1.0,0.79
1.0,1.0,1.0
1.0,0.84,1.0
0.5445544554455446,0.5445544554455446,1.0
0.62,0.69,0.74
0.46534653465346537,0.8613861386138614,0.9900990099009901
0.6039603960396039,0.900990099009901,0.9207920792079208
1.0,1.0,0.63
1.0,1.0,0.96
0.86,1.0,0.88
1.0,1.0,1.0
1.0,1.0,1.0
0.87,1.0,0.6
1.0,1.0,0.68
1.0,1.0,0.78
1.0,1.0,1.0
1.0,1.0,0.8613861386138614
1.0,1.0,0.7450980392156863
0.900990099009901,1.0,1.0
1.0,1.0,0.82
1.0,0.79,0.96
1.0,1.0,0.8811881188118812
1.0,0.8333333333333334,1.0
0.5588235294117647,1.0,0.9411764705882353
1.0,1.0,0.6176470588235294
1.0,1.0,1.0
1.0,0.55,0.94
1.0,0.39215686274509803,0.8431372549019608
0.8349514563106796,1.0,1.0
0.49019607843137253,1.0,0.696078431372549
0.5533980582524272,1.0,1.0
1.0,1.0,1.0
1.0,1.0,1.0
1.0,1.0,1.0
1.0,1.0,1.0
1.0,1.0,0.87
1.0,1.0,0.66
1.0,1.0,0.87
1.0,0.46,1.0
1.0,1.0,1.0
1.0,1.0,0.97
1.0,1.0,1.0
1.0,1.0,0.79
1.0,0.56,1.0
1.0,0.57,1.0
1.0,0.66,0.94
1.0,0.84,1.0
1.0,1.0,0.97
0.84,0.93,0.76
1.0,0.6,1.0
0.58,0.58,1.0
0.38,1.0,1.0
0.72,0.62,0.75
0.46534653465346537,1.0,1.0
0.56,0.9,0.67
1.0,1.0,1.0
1.0,1.0,1.0
1.0,1.0,1.0
1.0,1.0,1.0
1.0,1.0,1.0
1.0,1.0,1.0
1.0,1.0,0.21
1.0,1.0,0.52
1.0,1.0,1.0
1.0,1.0,1.0
1.0,1.0,0.9108910891089109
1.0,1.0,0.97
1.0,1.0,1.0
1.0,1.0,1.0
1.0,1.0,1.0
1.0,1.0,0.8613861386138614
0.8910891089108911,1.0,1.0
1.0,1.0,0.9223300970873787
1.0,1.0,1.0
1.0,1.0,1.0
1.0,1.0,0.9306930693069307
1.0,1.0,1.0
1.0,1.0,0.900990099009901
0.5631067961165048,1.0,1.0
1.0,1.0,0.5
1.0,1.0,0.52
1.0,1.0,0.52
0.94,1.0,1.0
1.0,1.0,0.53
0.95,1.0,1.0
1.0,1.0,0.02
1.0,1.0,0.52
1.0,1.0,0.66
0.8514851485148515,1.0,0.9108910891089109
0.8725490196078431,1.0,0.9901960784313726
0.9326923076923077,1.0,0.8461538461538461
1.0,1.0,0.98
0.9603960396039604,1.0,0.8514851485148515
1.0,1.0,1.0
1.0,1.0,0.9902912621359223
0.6372549019607843,1.0,0.9509803921568627
0.9464285714285714,1.0,1.0
1.0,0.59,0.94
1.0,0.5742574257425742,1.0
1.0,1.0,0.7450980392156863
0.5,1.0,0.9074074074074074
0.5048543689320388,1.0,0.8446601941747572
0.5660377358490566,0.9528301886792453,0.8867924528301887
1.0,1.0,0.63
1.0,1.0,0.66
1.0,1.0,0.66
1.0,1.0,0.65
0.97,1.0,1.0
1.0,1.0,1.0
1.0,0.63,1.0
0.93,0.93,0.48
1.0,0.9117647058823529,1.0
1.0,0.9607843137254902,0.9901960784313726
0.9504950495049505,1.0,1.0
0.7766990291262136,0.9611650485436893,0.9902912621359223
1.0,0.64,0.93
1.0,0.63,0.63
1.0,0.6699029126213593,0.6116504854368932
1.0,1.0,1.0
0.7669902912621359,1.0,0.9902912621359223
0.7333333333333333,1.0,0.9142857142857143
0.66,0.66,0.94
0.6633663366336634,0.6633663366336634,1.0
0.7029702970297029,0.9405940594059405,0.9207920792079208
0.7766990291262136,1.0,0.9320388349514563
0.6442307692307693,1.0,0.9807692307692307
0.6415094339622641,1.0,1.0
1.0,1.0,0.54
1.0,1.0,0.54
1.0,1.0,1.0
1.0,1.0,1.0
1.0,1.0,1.0
0.93,1.0,0.83
1.0,1.0,0.62
1.0,1.0,0.17
1.0,1.0,0.9702970297029703
1.0,1.0,0.9
0.8910891089108911,1.0,0.9405940594059405
1.0,1.0,0.9313725490196079
1.0,1.0,0.63
1.0,1.0,0.94
1.0,1.0,0.9705882352941176
0.8737864077669902,1.0,0.7766990291262136
0.7211538461538461,1.0,1.0
0.6915887850467289,1.0,0.6728971962616822
1.0,0.66,0.62
1.0,1.0,0.9405940594059405
1.0,0.7254901960784313,1.0
1.0,0.7692307692307693,1.0
0.6666666666666666,1.0,1.0
0.5887850467289719,0.9065420560747663,0.6915887850467289
1.0,1.0,1.0
1.0,1.0,1.0
1.0,1.0,1.0
1.0,1.0,1.0
1.0,1.0,1.0
1.0,1.0,1.0
1.0,1.0,0.1
1.0,1.0,1.0
1.0,1.0,0.4174757281553398
1.0,1.0,1.0
1.0,1.0,0.7523809523809524
1.0,0.9523809523809523,0.9047619047619048
1.0,1.0,1.0
1.0,1.0,0.4423076923076923
1.0,1.0,1.0
1.0,1.0,1.0
1.0,1.0,1.0
1.0,0.45454545454545453,1.0
0.61,1.0,0.22
1.0,1.0,1.0
1.0,1.0,1.0
1.0,1.0,1.0
1.0,1.0,0.9658119658119658
0.8,1.0,0.8833333333333333
1.0,1.0,1.0
1.0,1.0,1.0
1.0,1.0,1.0
1.0,1.0,1.0
1.0,1.0,1.0
1.0,1.0,1.0
1.0,1.0,1.0
1.0,1.0,1.0
1.0,1.0,0.99
1.0,1.0,1.0
1.0,1.0,1.0
1.0,1.0,1.0
1.0,1.0,1.0
1.0,1.0,1.0
1.0,1.0,1.0
1.0,1.0,1.0
1.0,1.0,1.0
1.0,1.0,1.0
1.0,1.0,1.0
1.0,1.0,1.0
1.0,1.0,1.0
1.0,1.0,0.57
1.0,1.0,1.0
0.5436893203883495,1.0,1.0
1.0,1.0,1.0
1.0,1.0,1.0
1.0,1.0,1.0
1.0,1.0,1.0
1.0,1.0,1.0
0.85,1.0,1.0
1.0,1.0,0.9
1.0,1.0,0.52
1.0,1.0,1.0
1.0,1.0,0.98
1.0,1.0,1.0
0.78,1.0,1.0
1.0,1.0,1.0
1.0,1.0,0.25
1.0,1.0,1.0
0.83,0.87,0.91
0.48,1.0,1.0
0.57,1.0,1.0
0.54,0.54,1.0
1.0,1.0,1.0
1.0,1.0,0.76
0.65,0.94,0.94
0.44,0.49,1.0
0.65,1.0,0.7
1.0,1.0,1.0
1.0,1.0,1.0
1.0,1.0,1.0
1.0,1.0,1.0
1.0,1.0,0.91
0.94,1.0,1.0
1.0,1.0,0.71
1.0,1.0,0.9900990099009901
1.0,1.0,1.0
1.0,1.0,1.0
1.0,1.0,0.98
1.0,1.0,0.99
1.0,0.55,1.0
1.0,0.5643564356435643,0.9900990099009901
1.0,0.5882352941176471,1.0
1.0,0.9900990099009901,1.0
1.0,1.0,1.0
1.0,0.9807692307692307,0.7596153846153846
1.0,0.68,0.88
1.0,0.5576923076923077,0.9807692307692307
0.8712871287128713,1.0,1.0
0.6666666666666666,1.0,0.9714285714285714
0.6190476190476191,0.9809523809523809,0.6666666666666666
0.5045045045045045,1.0,0.9459459459459459
1.0,0.69,1.0
1.0,0.72,1.0
1.0,0.7,1.0
0.82,0.83,1.0
0.96,1.0,1.0
1.0,1.0,1.0
1.0,0.7,0.63
1.0,0.69,0.71
1.0,0.7745098039215687,0.8431372549019608
1.0,0.8269230769230769,0.8461538461538461
0.87,1.0,1.0
1.0,1.0,0.9514563106796117
1.0,0.68,1.0
1.0,0.912621359223301,0.7378640776699029
0.8415841584158416,0.7920792079207921,0.9306930693069307
0.7941176470588235,0.8823529411764706,0.9215686274509803
0.8235294117647058,0.9117647058823529,0.9313725490196079
0.7378640776699029,0.9902912621359223,0.912621359223301
0.71,0.71,0.7
0.8921568627450981,0.8921568627450981,1.0
0.7722772277227723,0.6732673267326733,0.9801980198019802
0.625,0.8557692307692307,0.9807692307692307
0.8058252427184466,1.0,1.0
0.5566037735849056,0.9811320754716981,0.9528301886792453
1.0,1.0,0.46
1.0,1.0,0.48
1.0,1.0,1.0
1.0,1.0,1.0
1.0,1.0,1.0
0.93,1.0,0.94
1.0,1.0,0.47
1.0,1.0,0.51
0.9,1.0,0.8
1.0,1.0,1.0
0.81,1.0,0.98
1.0,1.0,0.9
1.0,0.65,1.0
1.0,1.0,1.0
1.0,1.0,0.7843137254901961
0.6952380952380952,1.0,1.0
0.8857142857142857,1.0,0.9904761904761905
1.0,1.0,0.9056603773584906
0.66,0.84,1.0
1.0,0.8811881188118812,1.0
1.0,0.9223300970873787,1.0
1.0,0.7843137254901961,0.9215686274509803
0.6509433962264151,1.0,0.8867924528301887
0.6792452830188679,1.0,0.8207547169811321
1.0,1.0,1.0
1.0,1.0,1.0
1.0,1.0,1.0
1.0,1.0,1.0
1.0,1.0,1.0
1.0,1.0,1.0
1.0,0.59,0.03
1.0,1.0,1.0
1.0,1.0,1.0
1.0,1.0,0.9901960784313726
1.0,1.0,0.9411764705882353
1.0,1.0,0.97
1.0,0.6,1.0
1.0,0.6078431372549019,0.5784313725490197
1.0,0.6732673267326733,0.9603960396039604
1.0,1.0,0.8392857142857143
0.9313725490196079,1.0,0.9901960784313726
0.8532110091743119,1.0,0.9724770642201835
0.59,0.71,0.93
1.0,1.0,0.7619047619047619
1.0,0.6504854368932039,0.8349514563106796
0.7454545454545455,0.9181818181818182,1.0
0.5596330275229358,1.0,0.7614678899082569
0.6513761467889908,1.0,0.9908256880733946
1.0,1.0,1.0
1.0,1.0,1.0
1.0,1.0,1.0
1.0,1.0,1.0
1.0,1.0,1.0
0.95,1.0,1.0
1.0,0.62,1.0
1.0,0.59,1.0
1.0,1.0,0.5882352941176471
1.0,1.0,1.0
1.0,0.8932038834951457,0.9805825242718447
0.9019607843137255,1.0,0.9607843137254902
1.0,0.57,1.0
1.0,0.6237623762376238,0.9108910891089109
1.0,0.6019417475728155,0.912621359223301
0.7142857142857143,0.8571428571428571,1.0
0.8878504672897196,1.0,0.9158878504672897
0.7476635514018691,0.8785046728971962,1.0
0.38,0.62,1.0
1.0,0.77,0.85
1.0,0.6057692307692307,1.0
0.5142857142857142,0.8666666666666667,0.8
0.6792452830188679,0.8962264150943396,1.0
0.6814159292035398,0.8672566371681416,1.0
1.0,1.0,1.0
1.0,1.0,1.0
1.0,1.0,1.0
1.0,1.0,1.0
1.0,1.0,1.0
0.9,1.0,1.0
1.0,1.0,0.13
1.0,1.0,1.0
1.0,1.0,0.5490196078431373
1.0,1.0,0.696078431372549
0.8811881188118812,1.0,0.9801980198019802
1.0,1.0,0.912621359223301
1.0,0.51,0.52
1.0,0.5841584158415841,1.0
1.0,0.7920792079207921,1.0
1.0,1.0,0.9611650485436893
0.8476190476190476,1.0,0.9142857142857143
1.0,1.0,0.9459459459459459
1.0,1.0,1.0
1.0,0.7884615384615384,1.0
1.0,0.7211538461538461,0.9519230769230769
0.4144144144144144,1.0,1.0
0.7037037037037037,1.0,0.9814814814814815
0.5964912280701754,1.0,0.7982456140350878
1.0,1.0,1.0
1.0,1.0,1.0
1.0,1.0,1.0
0.93,1.0,1.0
1.0,1.0,1.0
1.0,1.0,1.0
1.0,0.63,0.41
1.0,1.0,0.49
0.9207920792079208,1.0,0.48514851485148514
0.8118811881188119,1.0,0.9405940594059405
0.87,1.0,1.0
0.9411764705882353,1.0,1.0
1.0,0.64,1.0
1.0,0.83,1.0
1.0,0.8811881188118812,0.6732673267326733
0.92,1.0,0.95
1.0,1.0,1.0
0.5490196078431373,1.0,1.0
0.53,0.59,1.0
1.0,0.6,0.97
1.0,0.84,0.82
0.6796116504854369,0.9029126213592233,0.9805825242718447
0.638095238095238,1.0,0.8666666666666667
0.6831683168316832,0.8811881188118812,0.9405940594059405
1.0,1.0,1.0
1.0,1.0,1.0
1.0,1.0,1.0
1.0,1.0,1.0
1.0,1.0,1.0
1.0,1.0,1.0
1.0,1.0,0.96
1.0,0.46,1.0
1.0,1.0,0.66
1.0,1.0,0.9405940594059405
1.0,1.0,1.0
1.0,1.0,0.98
1.0,0.75,0.63
1.0,0.5445544554455446,0.6534653465346535
1.0,0.71,0.9
1.0,0.8118811881188119,1.0
0.6862745098039216,1.0,0.9117647058823529
0.7596153846153846,1.0,0.9230769230769231
1.0,0.61,0.67
0.8910891089108911,1.0,0.693069306930693
1.0,0.7352941176470589,0.7352941176470589
0.6,0.94,0.93
0.5192307692307693,0.9711538461538461,0.9134615384615384
0.5533980582524272,0.883495145631068,1.0
1.0,1.0,1.0
1.0,1.0,1.0
1.0,1.0,1.0
1.0,1.0,1.0
0.93,1.0,1.0
1.0,1.0,1.0
1.0,1.0,0.54
1.0,1.0,1.0
1.0,1.0,0.9504950495049505
1.0,1.0,1.0
1.0,1.0,0.57
1.0,1.0,0.9207920792079208
1.0,0.52,0.92
1.0,1.0,1.0
1.0,0.7549019607843137,0.9019607843137255
1.0,0.8529411764705882,1.0
0.6435643564356436,0.8712871287128713,0.9801980198019802
0.6764705882352942,0.9117647058823529,0.7549019607843137
0.57,0.57,1.0
1.0,1.0,1.0
0.8712871287128713,0.8316831683168316,1.0
1.0,1.0,0.9313725490196079
0.48514851485148514,1.0,1.0
0.5544554455445545,1.0,0.9900990099009901
1.0,1.0,1.0
1.0,1.0,0.88
1.0,1.0,1.0
1.0,1.0,1.0
1.0,1.0,1.0
1.0,1.0,1.0
1.0,0.59,1.0
1.0,0.66,1.0
1.0,0.63,1.0
1.0,0.8217821782178217,1.0
0.91,1.0,1.0
0.88,1.0,1.0
1.0,0.54,0.81
1.0,0.57,1.0
1.0,0.68,1.0
1.0,0.8217821782178217,1.0
1.0,1.0,0.98
0.59,0.95,0.83
0.53,0.56,1.0
1.0,1.0,1.0
0.6,0.6,0.78
0.46534653465346537,0.8712871287128713,1.0
0.41,0.92,0.65
0.45544554455445546,1.0,0.7722772277227723
1.0,1.0,1.0
1.0,1.0,1.0
1.0,1.0,1.0
1.0,1.0,1.0
1.0,1.0,0.98
1.0,1.0,0.97
1.0,1.0,0.81
0.9405940594059405,1.0,1.0
1.0,1.0,1.0
1.0,1.0,1.0
0.98,0.89,1.0
1.0,0.9,0.78
1.0,1.0,1.0
1.0,1.0,1.0
1.0,1.0,0.99
0.8415841584158416,1.0,1.0
1.0,1.0,0.78
0.594059405940594,0.8712871287128713,0.7524752475247525
1.0,1.0,1.0
0.9504950495049505,0.6336633663366337,1.0
0.96,0.82,0.98
0.7821782178217822,0.7227722772277227,1.0
0.40594059405940597,1.0,1.0
0.5148514851485149,1.0,0.8514851485148515
1.0,1.0,1.0
1.0,1.0,1.0
1.0,1.0,1.0
1.0,1.0,1.0
0.91,1.0,0.92
1.0,1.0,0.74
1.0,1.0,0.74
1.0,1.0,1.0
1.0,1.0,1.0
1.0,1.0,0.8
1.0,1.0,1.0
1.0,1.0,0.8613861386138614
1.0,1.0,0.64
1.0,0.56,1.0
1.0,1.0,1.0
1.0,1.0,0.06
0.49,1.0,1.0
0.69,1.0,0.99
1.0,1.0,0.98
1.0,0.45,0.99
1.0,0.67,1.0
0.41,0.79,1.0
0.39603960396039606,0.7623762376237624,1.0
0.46,1.0,0.84
1.0,1.0,1.0
1.0,1.0,0.98
1.0,1.0,1.0
1.0,1.0,1.0
1.0,1.0,1.0
1.0,1.0,1.0
1.0,1.0,1.0
1.0,1.0,1.0
1.0,1.0,1.0
1.0,1.0,1.0
1.0,1.0,1.0
0.9,0.92,0.99
1.0,0.49,1.0
1.0,0.67,1.0
0.85,1.0,0.98
1.0,1.0,1.0
0.77,1.0,1.0
0.69,1.0,1.0
1.0,1.0,0.94
1.0,1.0,1.0
1.0,0.8,0.84
0.5148514851485149,0.8613861386138614,0.9108910891089109
0.46534653465346537,0.8910891089108911,0.900990099009901
0.5346534653465347,0.9108910891089109,0.6633663366336634
1.0,1.0,1.0
1.0,1.0,1.0
1.0,1.0,1.0
1.0,1.0,0.97
1.0,1.0,1.0
1.0,1.0,1.0
1.0,1.0,1.0
1.0,0.54,0.85
1.0,1.0,0.97
1.0,0.84,0.76
1.0,1.0,1.0
1.0,1.0,0.92
1.0,0.54,1.0
1.0,0.47,1.0
1.0,1.0,0.9207920792079208
1.0,1.0,0.84
0.7,1.0,1.0
0.67,1.0,0.95
1.0,0.52,1.0
1.0,0.79,1.0
1.0,0.75,1.0
0.6039603960396039,1.0,1.0
0.51,1.0,1.0
0.59,0.87,0.89
1.0,1.0,1.0
1.0,1.0,1.0
1.0,1.0,1.0
1.0,1.0,1.0
1.0,1.0,1.0
1.0,1.0,1.0
1.0,1.0,0.89
1.0,1.0,0.63
1.0,1.0,0.63
1.0,1.0,1.0
1.0,1.0,1.0
1.0,0.9,0.73
1.0,1.0,0.79
1.0,1.0,1.0
1.0,0.77,0.59
1.0,1.0,1.0
0.62,1.0,1.0
0.55,1.0,1.0
1.0,0.41,1.0
1.0,0.42,1.0
1.0,0.8415841584158416,0.9801980198019802
0.42,0.86,1.0
0.62,1.0,0.81
0.5,1.0,1.0
1.0,1.0,1.0
1.0,1.0,1.0
1.0,1.0,1.0
1.0,1.0,1.0
1.0,1.0,1.0
1.0,1.0,1.0
1.0,1.0,0.95
1.0,1.0,0.97
1.0,1.0,0.88
1.0,1.0,0.95
1.0,1.0,0.96
1.0,1.0,0.9207920792079208
0.83,0.85,0.67
1.0,0.85,1.0
1.0,0.91,0.93
1.0,1.0,0.96
1.0,1.0,1.0
0.72,0.94,0.92
1.0,0.65,1.0
1.0,1.0,0.7
1.0,0.51,1.0
1.0,1.0,1.0
0.63,1.0,1.0
0.45,1.0,1.0
1.0,0.61,0.93
1.0,0.62,1.0
1.0,0.89,1.0
1.0,1.0,1.0
1.0,1.0,1.0
1.0,1.0,1.0
1.0,0.63,0.98
1.0,0.62,0.97
1.0,0.64,1.0
1.0,1.0,1.0
0.85,0.63,0.98
0.93,1.0,0.99
1.0,0.59,1.0
0.84,0.85,0.94
1.0,1.0,1.0
1.0,0.81,0.9
0.66,1.0,0.97
0.84,0.77,0.99
1.0,0.59,0.92
1.0,0.58,0.93
0.86,1.0,1.0
0.46534653465346537,0.5841584158415841,1.0
0.6,0.68,1.0
0.52,0.87,1.0
1.0,1.0,1.0
1.0,1.0,1.0
1.0,1.0,1.0
1.0,1.0,1.0
1.0,1.0,1.0
1.0,1.0,0.92
1.0,1.0,1.0
1.0,1.0,1.0
1.0,1.0,1.0
1.0,1.0,0.96
1.0,1.0,1.0
1.0,1.0,1.0
1.0,1.0,0.92
1.0,1.0,1.0
1.0,1.0,0.9
0.81,1.0,1.0
0.62,1.0,0.49
0.53,1.0,0.83
1.0,0.45,0.89
1.0,1.0,0.95
1.0,1.0,0.93
0.6,0.32,0.9
0.45,1.0,0.65
0.6,0.84,0.63
1.0,1.0,1.0
1.0,1.0,1.0
1.0,1.0,1.0
1.0,1.0,1.0
1.0,1.0,0.13
1.0,0.92,0.54
1.0,1.0,0.35
1.0,1.0,0.11
1.0,1.0,1.0
1.0,1.0,0.17
1.0,1.0,0.53
1.0,1.0,0.89
1.0,1.0,1.0
1.0,1.0,1.0
1.0,1.0,0.04
1.0,1.0,0.96
1.0,1.0,0.9
1.0,0.79,0.65
0.58,1.0,1.0
1.0,1.0,1.0
1.0,1.0,0.74
0.73,1.0,1.0
1.0,0.76,0.75
0.49,0.74,0.66
1.0,1.0,1.0
1.0,1.0,1.0
1.0,1.0,1.0
1.0,1.0,1.0
1.0,1.0,1.0
1.0,1.0,1.0
1.0,1.0,0.99
1.0,1.0,1.0
1.0,1.0,0.96
1.0,1.0,1.0
0.92,0.46,0.94
1.0,1.0,0.9
0.92,1.0,1.0
1.0,1.0,1.0
1.0,1.0,1.0
1.0,1.0,1.0
0.9,1.0,1.0
0.55,1.0,0.86
1.0,1.0,1.0
1.0,0.49,0.9
0.86,1.0,0.83
1.0,1.0,0.87
0.49,0.95,0.93
0.48,1.0,1.0
1.0,1.0,1.0
1.0,1.0,1.0
1.0,1.0,1.0
1.0,1.0,1.0
1.0,1.0,1.0
1.0,1.0,1.0
1.0,0.85,0.94
1.0,0.89,0.64
1.0,0.89,0.97
1.0,0.93,1.0
1.0,1.0,1.0
0.92,0.9,0.99
1.0,0.84,0.71
1.0,0.87,0.71
1.0,1.0,1.0
1.0,0.900990099009901,1.0
0.69,0.89,0.91
0.6732673267326733,1.0,1.0
0.6,0.82,0.91
0.88,1.0,1.0
0.6039603960396039,0.8910891089108911,1.0
0.61,0.64,0.85
0.594059405940594,0.9207920792079208,1.0
0.6078431372549019,0.9117647058823529,1.0
1.0,1.0,1.0
1.0,1.0,1.0
1.0,1.0,1.0
1.0,1.0,0.22
1.0,1.0,0.42
1.0,1.0,0.48
1.0,1.0,0.96
1.0,1.0,0.56
1.0,1.0,1.0
1.0,1.0,0.72
1.0,1.0,0.49
1.0,1.0,0.8514851485148515
1.0,1.0,0.94
1.0,1.0,1.0
1.0,1.0,0.12
1.0,1.0,1.0
0.47,1.0,0.64
0.51,1.0,0.6
1.0,1.0,0.86
1.0,0.82,1.0
1.0,1.0,1.0
0.55,1.0,1.0
0.67,1.0,0.61
0.49,1.0,0.92
1.0,1.0,1.0
1.0,1.0,1.0
1.0,1.0,1.0
1.0,1.0,1.0
1.0,0.8,0.93
1.0,0.84,0.6
1.0,1.0,1.0
1.0,1.0,0.48
1.0,1.0,0.73
0.94,1.0,0.53
1.0,1.0,1.0
1.0,1.0,0.89
1.0,1.0,0.32
1.0,1.0,0.18
1.0,1.0,0.9108910891089109
1.0,1.0,0.88
0.95,0.8,0.83
1.0,0.75,0.92
0.93,1.0,0.96
0.96,1.0,0.91
1.0,1.0,1.0
1.0,1.0,0.72
1.0,1.0,0.7920792079207921
0.54,0.68,0.63
1.0,1.0,1.0
1.0,1.0,0.45
1.0,1.0,1.0
1.0,1.0,1.0
1.0,1.0,1.0
1.0,1.0,1.0
1.0,1.0,1.0
1.0,1.0,1.0
1.0,1.0,0.98
1.0,1.0,1.0
1.0,1.0,0.94
1.0,1.0,0.98
1.0,1.0,0.92
1.0,1.0,0.32
1.0,1.0,0.87
1.0,1.0,0.93
0.73,1.0,1.0
0.61,1.0,1.0
1.0,1.0,0.91
1.0,1.0,0.85
1.0,1.0,0.89
0.62,1.0,0.72
0.49,1.0,0.69
0.65,1.0,1.0
1.0,1.0,0.94
1.0,1.0,0.96
1.0,1.0,1.0
1.0,1.0,1.0
1.0,1.0,1.0
1.0,1.0,1.0
1.0,1.0,0.94
1.0,1.0,0.9
1.0,1.0,1.0
1.0,1.0,1.0
1.0,1.0,1.0
0.92,1.0,1.0
1.0,1.0,1.0
1.0,1.0,1.0
1.0,1.0,0.900990099009901
1.0,1.0,1.0
0.5980392156862745,1.0,1.0
0.84,1.0,1.0
1.0,0.55,1.0
1.0,0.57,1.0
1.0,1.0,0.73
1.0,1.0,0.7029702970297029
0.45,1.0,1.0
0.5922330097087378,1.0,1.0
1.0,1.0,1.0
1.0,1.0,1.0
1.0,1.0,1.0
1.0,1.0,1.0
1.0,1.0,1.0
1.0,1.0,0.92
1.0,1.0,1.0
1.0,1.0,1.0
1.0,1.0,1.0
1.0,1.0,0.94
1.0,1.0,1.0
1.0,1.0,1.0
1.0,1.0,0.86
1.0,1.0,1.0
1.0,1.0,1.0
1.0,1.0,1.0
0.65,1.0,1.0
0.84,1.0,0.54
1.0,1.0,0.65
1.0,1.0,1.0
1.0,1.0,1.0
0.55,1.0,0.46
0.37254901960784315,1.0,1.0
0.48,0.87,0.57
1.0,1.0,1.0
1.0,1.0,1.0
1.0,1.0,1.0
1.0,1.0,1.0
1.0,1.0,1.0
1.0,1.0,0.64
1.0,1.0,0.11
1.0,1.0,0.27
1.0,0.47,1.0
1.0,1.0,1.0
1.0,0.86,1.0
1.0,0.82,0.89
1.0,1.0,1.0
1.0,1.0,1.0
1.0,0.5,0.46
1.0,1.0,0.42
1.0,1.0,0.22
0.86,0.83,1.0
1.0,1.0,0.28
1.0,1.0,0.84
1.0,1.0,1.0
1.0,1.0,1.0
0.7425742574257426,1.0,1.0
0.88,0.79,0.54
1.0,1.0,1.0
1.0,1.0,1.0
1.0,1.0,1.0
1.0,1.0,1.0
1.0,1.0,0.99
1.0,1.0,1.0
1.0,1.0,1.0
1.0,1.0,1.0
1.0,1.0,0.94
1.0,1.0,1.0
1.0,1.0,0.94
1.0,1.0,0.99
1.0,1.0,0.99
1.0,1.0,1.0
1.0,1.0,0.91
0.55,1.0,0.77
0.57,0.89,1.0
0.55,1.0,0.8
1.0,0.47,0.87
1.0,0.53,1.0
1.0,0.8,1.0
0.8217821782178217,0.8415841584158416,1.0
0.32,1.0,1.0
0.5445544554455446,1.0,1.0
1.0,1.0,1.0
1.0,1.0,1.0
1.0,1.0,1.0
1.0,1.0,1.0
1.0,1.0,1.0
1.0,1.0,1.0
1.0,1.0,0.9
1.0,1.0,1.0
1.0,1.0,0.91
1.0,1.0,1.0
1.0,1.0,1.0
0.97,1.0,0.99
1.0,1.0,0.93
1.0,0.5841584158415841,0.8415841584158416
1.0,1.0,0.6435643564356436
1.0,1.0,0.9306930693069307
1.0,1.0,0.99
0.84,1.0,0.8
1.0,0.54,0.9
1.0,0.39603960396039606,1.0
1.0,0.7254901960784313,0.6764705882352942
0.5346534653465347,1.0,1.0
0.6470588235294118,1.0,0.7843137254901961
0.7156862745098039,1.0,0.9313725490196079
1.0,1.0,1.0
1.0,1.0,1.0
1.0,1.0,1.0
1.0,1.0,1.0
1.0,1.0,0.77
1.0,1.0,1.0
1.0,1.0,1.0
1.0,1.0,0.98
1.0,1.0,0.5643564356435643
1.0,1.0,1.0
1.0,1.0,0.68
1.0,1.0,1.0
1.0,1.0,0.86
1.0,1.0,0.85
1.0,1.0,1.0
1.0,1.0,1.0
0.64,0.89,1.0
0.58,1.0,0.87
1.0,1.0,1.0
1.0,0.58,0.85
1.0,1.0,1.0
0.67,1.0,1.0
0.6138613861386139,0.7821782178217822,0.6435643564356436
0.46534653465346537,1.0,0.7128712871287128
1.0,1.0,1.0
1.0,1.0,1.0
1.0,1.0,1.0
1.0,1.0,1.0
1.0,1.0,1.0
1.0,1.0,0.98
1.0,1.0,1.0
1.0,1.0,0.99
1.0,1.0,1.0
1.0,1.0,1.0
1.0,1.0,0.97
1.0,1.0,1.0
1.0,1.0,0.82
1.0,1.0,0.95
1.0,1.0,0.52
0.64,1.0,0.87
0.65,1.0,0.96
0.49,1.0,0.88
1.0,0.83,0.8
1.0,0.54,0.86
1.0,1.0,1.0
0.36,1.0,0.91
0.58,1.0,0.9
0.5841584158415841,1.0,0.9702970297029703
1.0,1.0,1.0
1.0,1.0,1.0
1.0,1.0,1.0
1.0,1.0,1.0
1.0,1.0,0.71
1.0,1.0,0.98
1.0,0.45,0.94
1.0,0.54,1.0
1.0,1.0,0.61
1.0,0.55,0.93
1.0,0.87,0.95
1.0,0.44554455445544555,1.0
1.0,1.0,0.94
1.0,1.0,0.8217821782178217
1.0,1.0,0.96
1.0,0.55,0.66
0.46,0.91,1.0
0.51,1.0,0.98
1.0,0.52,1.0
1.0,1.0,0.86
0.59,0.64,1.0
1.0,1.0,0.87
0.41,1.0,1.0
0.52,1.0,0.81
1.0,1.0,0.49
1.0,1.0,0.55
1.0,1.0,1.0
1.0,1.0,1.0
1.0,1.0,1.0
1.0,1.0,0.96
1.0,1.0,1.0
1.0,1.0,0.96
1.0,1.0,0.96
1.0,1.0,1.0
1.0,1.0,1.0
1.0,1.0,0.87
1.0,1.0,1.0
1.0,1.0,0.95
1.0,1.0,0.82
1.0,1.0,1.0
0.52,1.0,1.0
0.56,1.0,0.97
1.0,0.51,0.78
1.0,0.5643564356435643,1.0
1.0,0.87,0.72
1.0,0.69,0.85
0.45,1.0,1.0
0.54,1.0,0.96
1.0,1.0,1.0
1.0,1.0,1.0
1.0,1.0,1.0
1.0,1.0,1.0
1.0,1.0,1.0
1.0,1.0,1.0
1.0,1.0,1.0
1.0,1.0,1.0
1.0,1.0,1.0
1.0,1.0,1.0
1.0,1.0,0.92
1.0,1.0,0.83
1.0,1.0,0.95
1.0,1.0,0.85
1.0,1.0,0.9
1.0,1.0,0.82
1.0,1.0,1.0
0.53,1.0,1.0
1.0,1.0,0.76
1.0,1.0,1.0
1.0,1.0,0.85
1.0,1.0,0.85
0.57,1.0,0.71
0.47058823529411764,1.0,0.696078431372549
1.0,1.0,1.0
1.0,1.0,1.0
1.0,1.0,1.0
1.0,1.0,1.0
1.0,1.0,1.0
1.0,1.0,1.0
1.0,0.54,0.89
1.0,1.0,0.97
1.0,1.0,0.96
1.0,1.0,0.9504950495049505
1.0,1.0,1.0
1.0,1.0,0.94
1.0,1.0,0.89
1.0,1.0,0.91
1.0,1.0,1.0
1.0,1.0,0.61
0.7,1.0,0.78
0.5145631067961165,1.0,0.941747572815534
1.0,0.43,1.0
1.0,0.43,1.0
1.0,0.67,0.85
0.5533980582524272,1.0,1.0
0.57,1.0,0.89
0.5294117647058824,0.9313725490196079,0.9313725490196079
1.0,1.0,1.0
1.0,1.0,1.0
1.0,1.0,1.0
1.0,1.0,1.0
1.0,1.0,1.0
1.0,1.0,0.74
1.0,1.0,0.92
1.0,1.0,1.0
1.0,1.0,0.98
1.0,1.0,1.0
1.0,1.0,1.0
1.0,1.0,0.9117647058823529
1.0,1.0,1.0
1.0,1.0,0.9207920792079208
1.0,1.0,0.7722772277227723
1.0,1.0,0.801980198019802
0.69,1.0,0.91
0.5294117647058824,1.0,1.0
1.0,0.51,1.0
1.0,0.5247524752475248,0.6534653465346535
1.0,1.0,0.85
1.0,1.0,0.6633663366336634
0.4117647058823529,0.7352941176470589,0.7058823529411765
0.5588235294117647,1.0,1.0
1.0,1.0,0.925
1.0,1.0,0.97
0.21,0.705,0.89
0.31,0.74,0.965
0.395,0.76,0.89
0.36,0.69,0.57
1.0,1.0,0.93
0.225,1.0,1.0
1.0,0.755,0.96
0.345,0.73,0.9
0.415,0.885,0.74
0.5,0.755,0.785
1.0,1.0,1.0
1.0,1.0,1.0
1.0,0.65,0.715
0.38,1.0,0.83
0.555,1.0,0.955
0.46,1.0,0.965
1.0,1.0,0.825
1.0,1.0,1.0
0.63,0.665,0.81
0.535,0.59,0.98
0.33,1.0,0.865
0.41,0.715,0.58
1.0,1.0,1.0
1.0,0.615,1.0
0.585,0.635,1.0
0.335,0.73,1.0
0.395,0.83,0.685
0.39,0.69,0.85
1.0,1.0,1.0
1.0,0.38,0.82
0.26,0.695,0.66
0.36,0.74,0.92
0.375,0.68,0.44
0.395,0.705,0.765
1.0,1.0,1.0
1.0,1.0,0.965
0.26,0.655,0.91
0.195,0.45,0.9
0.36,0.785,0.71
0.495,1.0,0.68
1.0,1.0,0.975
1.0,1.0,0.95
0.285,0.285,0.775
0.33,0.89,0.865
0.37,0.68,0.4
0.465,0.765,0.725
1.0,1.0,1.0
1.0,1.0,1.0
1.0,1.0,1.0
0.515,0.6,0.765
0.39,0.72,0.805
0.425,0.76,1.0
1.0,1.0,1.0
1.0,1.0,0.745
1.0,1.0,0.695
0.35,0.28,0.95
0.325,1.0,0.925
0.44,0.79,1.0
1.0,1.0,1.0
1.0,1.0,1.0
1.0,1.0,0.775
0.455,1.0,1.0
0.385,0.725,0.955
0.445,0.775,0.935
1.0,1.0,1.0
1.0,1.0,1.0
1.0,0.43,0.91
0.46,0.405,0.925
0.525,0.935,0.745
0.6,0.64,0.81
1.0,1.0,0.87
1.0,1.0,0.98
1.0,1.0,0.96
0.34,0.69,0.85
0.415,1.0,1.0
0.485,0.75,0.96
1.0,1.0,0.985
1.0,1.0,0.81
0.27,1.0,0.87
1.0,0.8,0.915
0.41,1.0,0.875
0.44,0.65,0.65
1.0,1.0,1.0
1.0,1.0,1.0
0.3,0.3,0.7
1.0,1.0,0.735
0.355,0.755,0.905
0.465,0.76,0.85
1.0,1.0,0.78
1.0,1.0,1.0
1.0,0.675,0.88
0.355,0.76,0.87
0.6,0.865,0.88
0.425,0.84,0.62
1.0,1.0,0.89
1.0,0.63,1.0
1.0,0.655,1.0
0.37,0.68,0.985
0.325,1.0,0.945
0.405,0.715,0.945
1.0,1.0,0.96
1.0,0.635,0.69
0.63,0.63,0.92
0.34,0.505,1.0
0.31,0.88,0.585
0.375,1.0,0.93
1.0,1.0,0.895
0.735,0.63,0.675
0.265,0.4,0.955
0.39,0.76,1.0
0.37,0.74,0.98
0.385,1.0,0.8
1.0,1.0,1.0
1.0,0.63,0.745
1.0,0.645,0.69
0.51,0.745,0.92
0.54,0.705,0.865
0.415,0.69,0.535
1.0,0.79,1.0
0.245,0.805,1.0
0.25,0.8,1.0
0.43,0.8,0.955
0.335,0.875,0.855
0.5,0.565,0.865
1.0,1.0,0.94
1.0,0.405,0.955
0.245,0.8,0.715
0.27,0.805,0.775
0.39,0.71,0.94
0.455,0.995,0.495
1.0,0.375,0.77
1.0,0.615,0.835
1.0,0.4,0.99
0.25,0.56,0.62
0.255,0.7,0.565
0.375,0.675,0.975
1.0,1.0,0.965
1.0,1.0,0.87
0.2,1.0,1.0
0.315,0.545,0.63
0.42,0.755,0.405
0.5,0.95,0.695
1.0,1.0,0.94
1.0,1.0,0.915
0.21,1.0,0.9
0.29,0.655,0.955
0.32,1.0,0.985
0.375,0.725,0.765
1.0,1.0,1.0
1.0,1.0,0.995
1.0,1.0,1.0
0.33,1.0,0.98
0.435,0.895,0.615
0.385,0.685,0.94
1.0,1.0,1.0
0.58,1.0,0.575
1.0,0.63,0.935
0.385,0.865,1.0
0.345,0.94,0.965
0.44,0.695,0.745
1.0,1.0,1.0
0.25,0.445,0.85
1.0,0.415,1.0
0.455,0.78,1.0
0.355,0.745,0.875
0.43,1.0,0.485
1.0,1.0,1.0
1.0,1.0,0.9
1.0,1.0,0.78
0.46,1.0,0.96
0.385,1.0,0.93
0.425,0.705,0.535
1.0,1.0,1.0
1.0,1.0,0.93
0.235,0.325,1.0
0.18,0.77,0.945
0.37,0.695,0.73
0.42,1.0,0.955
1.0,1.0,0.965
1.0,1.0,0.93
1.0,1.0,0.96
0.275,0.56,0.93
0.325,0.835,0.515
0.465,0.685,0.745
1.0,1.0,1.0
1.0,1.0,1.0
1.0,0.61,1.0
0.19,0.93,1.0
0.365,0.585,0.98
0.455,0.755,0.64
1.0,1.0,0.83
1.0,1.0,0.845
0.28,0.725,0.855
0.39,0.71,1.0
0.36,1.0,0.835
0.505,0.845,0.94
1.0,1.0,0.88
1.0,1.0,0.81
0.28,0.63,0.865
0.375,0.75,0.985
0.355,0.815,0.71
0.365,0.705,1.0
1.0,1.0,1.0
1.0,1.0,1.0
0.64,0.64,1.0
0.45,0.74,0.985
0.355,0.525,0.985
0.37,0.71,0.985
1.0,1.0,1.0
1.0,1.0,1.0
1.0,0.455,0.975
0.305,0.71,0.89
0.435,0.69,0.985
0.44,0.805,0.59
1.0,1.0,1.0
1.0,1.0,1.0
1.0,1.0,0.855
0.225,0.635,1.0
0.37,0.705,1.0
0.37,0.725,0.715
1.0,1.0,1.0
1.0,1.0,1.0
0.225,0.485,0.96
0.325,0.64,1.0
0.345,1.0,0.975
0.41,0.74,0.95
1.0,1.0,0.825
1.0,1.0,1.0
0.2,1.0,0.96
0.48,0.775,0.835
0.305,0.7,0.985
0.39,1.0,0.75
1.0,1.0,1.0
1.0,0.425,1.0
0.225,1.0,0.805
1.0,0.455,0.965
0.37,1.0,0.83
0.36,1.0,0.515
1.0,1.0,1.0
1.0,1.0,1.0
1.0,1.0,0.75
0.39,0.615,0.95
0.41,0.765,1.0
0.635,0.72,0.905
1.0,1.0,1.0
1.0,1.0,0.515
0.255,0.44,1.0
0.415,0.625,0.945
0.425,0.725,0.93
0.365,1.0,0.945
1.0,1.0,1.0
1.0,1.0,0.995
1.0,0.44,0.985
0.39,0.605,1.0
0.42,1.0,1.0
0.6,0.7,0.87
1.0,0.6,1.0
1.0,1.0,1.0
0.41,0.47,0.945
0.33,0.38,1.0
0.35,0.915,0.85
0.35,0.685,0.66
1.0,1.0,1.0
1.0,1.0,0.955
0.23,1.0,1.0
0.32,0.535,0.725
0.35,0.89,1.0
0.455,0.77,0.625
1.0,1.0,1.0
1.0,1.0,1.0
0.24,1.0,1.0
0.34,1.0,1.0
0.43,0.715,0.96
0.42,0.705,0.825
1.0,1.0,0.86
0.2,1.0,1.0
0.22,0.375,0.96
0.32,0.56,1.0
0.41,1.0,0.96
0.485,1.0,0.925
1.0,1.0,1.0
1.0,0.36,1.0
0.245,0.4,0.765
0.22,0.8,0.895
0.345,0.655,0.775
0.475,0.845,0.685
1.0,1.0,0.88
1.0,1.0,0.83
0.245,0.67,0.71
0.33,0.745,1.0
0.38,0.93,0.765
0.465,0.635,0.955
1.0,1.0,0.815
1.0,1.0,0.885
0.63,0.86,0.9
0.235,0.91,1.0
0.315,0.735,0.77
0.595,0.72,0.745
1.0,1.0,0.905
1.0,1.0,1.0
0.265,0.425,0.84
0.39,0.65,0.93
0.35,0.805,0.845
0.395,0.735,0.95
1.0,1.0,1.0
1.0,0.675,0.985
0.62,0.41,0.91
0.38,0.605,0.665
0.405,1.0,1.0
0.44,0.605,0.955
1.0,1.0,0.845
1.0,1.0,0.85
0.27,1.0,0.815
0.47,0.75,0.665
0.44,0.765,0.955
0.445,1.0,0.96
1.0,1.0,0.855
1.0,1.0,0.845
1.0,0.415,0.825
0.31,0.725,0.925
0.4,0.775,0.88
0.375,1.0,0.745
1.0,1.0,0.845
1.0,1.0,1.0
1.0,1.0,0.96
0.325,0.79,1.0
0.325,0.71,0.835
0.345,0.95,0.525
1.0,1.0,0.99
1.0,1.0,0.925
1.0,1.0,1.0
0.66,0.72,1.0
0.39,0.72,0.93
0.41,0.745,0.89
1.0,1.0,0.835
1.0,0.645,0.97
0.215,0.4,0.97
0.8,0.66,0.695
0.555,0.59,0.4
0.46,0.63,0.935
1.0,0.63,1.0
1.0,1.0,1.0
1.0,1.0,0.92
0.59,0.915,0.835
0.585,0.91,1.0
0.39,0.725,0.415
1.0,1.0,1.0
1.0,1.0,0.795
0.41,0.64,1.0
0.22,0.875,0.92
0.585,0.92,0.99
0.49,0.585,0.33
1.0,1.0,0.86
1.0,0.68,0.98
1.0,0.495,1.0
0.22,0.645,1.0
0.32,1.0,0.635
0.42,0.74,0.675
1.0,1.0,1.0
1.0,1.0,0.93
1.0,0.665,0.845
0.35,0.755,0.915
0.325,0.88,0.67
0.38,1.0,0.845
1.0,1.0,0.875
1.0,1.0,0.95
1.0,0.66,0.95
0.345,1.0,1.0
0.345,0.86,0.82
0.45,0.69,0.835
1.0,1.0,0.975
1.0,1.0,0.97
1.0,1.0,1.0
0.235,0.47,0.965
0.39,0.87,0.855
0.385,0.68,0.935
1.0,1.0,0.875
1.0,1.0,0.87
0.42,0.825,0.95
0.355,0.775,0.835
0.43,0.855,0.965
0.47,0.75,1.0
1.0,1.0,0.845
1.0,1.0,0.77
1.0,1.0,0.965
0.33,0.475,0.93
0.36,0.995,0.685
0.465,1.0,0.76
1.0,1.0,0.805
1.0,1.0,1.0
1.0,1.0,1.0
0.47,0.445,1.0
0.345,1.0,0.845
0.39,0.73,0.55
1.0,1.0,0.86
1.0,1.0,0.83
0.215,0.475,0.97
0.335,0.695,1.0
0.39,0.995,1.0
0.385,0.745,0.985
1.0,1.0,0.905
0.49,0.675,1.0
0.46,0.435,1.0
0.285,0.41,0.98
0.48,0.555,0.955
0.36,0.77,0.915
1.0,1.0,1.0
1.0,1.0,0.87
0.57,0.57,0.96
0.5,0.415,1.0
0.54,0.89,0.885
0.57,0.63,0.79
1.0,1.0,1.0
0.375,0.375,1.0
0.395,0.395,0.84
0.345,0.59,1.0
0.555,0.92,0.89
0.46,0.795,0.575
1.0,0.36,0.975
1.0,0.37,0.895
0.195,1.0,0.9
0.33,0.565,0.955
0.535,0.675,0.97
0.49,0.745,0.795
1.0,1.0,1.0
1.0,0.375,1.0
0.235,0.38,0.94
0.585,0.605,0.985
0.3,0.755,0.655
0.395,0.83,0.98
1.0,0.565,1.0
1.0,0.845,0.94
0.395,0.83,0.97
0.67,0.93,0.93
0.435,1.0,0.95
0.365,0.93,0.92
1.0,0.57,1.0
1.0,0.85,1.0
1.0,0.845,0.94
0.36,0.915,0.87
0.69,0.935,1.0
0.425,0.935,0.615
1.0,1.0,1.0
1.0,0.835,1.0
0.38,0.85,0.95
0.35,0.83,0.715
0.33,0.66,0.9
0.42,0.72,0.6
1.0,1.0,0.76
1.0,0.575,0.945
0.38,0.865,0.785
1.0,0.655,1.0
0.365,0.7,0.815
0.4,1.0,0.665
1.0,1.0,1.0
1.0,0.365,1.0
0.245,1.0,1.0
0.36,0.74,0.86
0.34,0.76,0.75
0.48,0.595,0.86
1.0,1.0,0.945
1.0,1.0,0.985
0.26,1.0,1.0
0.495,0.855,0.88
0.325,0.675,0.95
0.405,0.695,0.645
1.0,1.0,1.0
1.0,1.0,0.805
0.235,1.0,0.98
0.475,0.93,0.95
0.335,1.0,0.825
0.475,0.695,0.91
1.0,1.0,0.9
1.0,1.0,1.0
0.485,0.805,0.91
0.61,0.515,0.98
0.415,1.0,0.94
0.44,0.69,0.735
1.0,1.0,1.0
1.0,1.0,0.72
0.32,0.73,1.0
0.41,0.76,0.975
0.42,0.845,0.945
0.495,1.0,0.68
1.0,1.0,0.945
1.0,1.0,0.95
1.0,0.305,0.81
0.42,0.74,0.965
0.43,1.0,0.715
0.365,0.79,0.69
1.0,1.0,1.0
1.0,1.0,0.89
0.28,1.0,0.95
0.48,0.775,0.9
0.33,0.835,0.74
0.45,0.705,0.925
1.0,1.0,0.955
1.0,0.59,0.8
0.285,0.605,0.93
0.34,1.0,0.98
0.34,0.655,0.94
0.46,1.0,0.8
1.0,1.0,0.815
1.0,1.0,0.965
1.0,0.615,0.91
0.385,0.87,0.94
0.375,1.0,0.83
0.49,0.63,0.6
1.0,1.0,0.915
1.0,1.0,0.615
1.0,0.595,0.965
0.33,0.6,0.95
0.365,1.0,0.805
0.42,0.8,0.63
1.0,1.0,0.955
1.0,0.405,0.815
0.22,1.0,0.91
0.375,0.73,0.89
0.385,0.705,0.915
0.445,0.925,0.695
1.0,1.0,0.965
0.24,1.0,0.675
0.39,0.875,0.865
0.31,0.785,0.88
0.43,0.735,0.65
0.505,0.78,0.975
1.0,1.0,1.0
1.0,1.0,0.95
0.165,0.46,0.865
0.78,0.73,0.835
0.37,1.0,0.975
0.415,0.73,0.82
1.0,1.0,1.0
1.0,1.0,0.895
1.0,1.0,1.0
0.35,0.73,0.905
0.335,0.635,0.615
0.41,0.745,0.88
1.0,0.635,1.0
1.0,1.0,0.995
1.0,1.0,1.0
0.39,0.94,0.955
0.41,0.76,0.89
0.39,0.7,0.61
1.0,1.0,1.0
1.0,1.0,0.91
1.0,0.675,1.0
0.19,0.94,0.83
0.44,0.67,0.825
0.415,0.68,0.96
1.0,1.0,1.0
1.0,1.0,0.91
1.0,0.655,0.855
0.575,0.92,0.88
0.365,0.775,0.645
0.445,0.725,0.64
1.0,1.0,0.89
1.0,1.0,0.835
0.265,0.635,0.92
0.38,0.63,0.635
0.39,0.71,1.0
0.415,0.71,0.835
1.0,1.0,1.0
1.0,1.0,0.945
0.705,0.895,0.71
0.585,0.925,0.93
0.375,0.79,0.945
0.44,0.7,0.605
1.0,1.0,1.0
1.0,1.0,0.745
0.65,0.635,0.825
0.295,0.585,0.88
0.535,1.0,0.56
0.415,0.725,0.78
1.0,1.0,0.85
1.0,1.0,1.0
1.0,1.0,0.975
0.355,1.0,0.785
0.45,0.94,0.565
0.47,0.76,0.94
1.0,1.0,0.88
1.0,1.0,0.915
1.0,1.0,1.0
0.405,0.795,0.82
0.405,0.83,0.87
0.455,0.815,0.685
1.0,1.0,1.0
1.0,1.0,0.835
0.37,0.37,0.755
0.34,0.755,0.715
0.39,0.77,1.0
0.44,0.69,0.85
1.0,1.0,1.0
1.0,1.0,1.0
1.0,0.405,0.975
0.395,0.425,1.0
0.445,0.62,1.0
0.39,0.805,0.705
1.0,1.0,0.895
1.0,1.0,1.0
1.0,1.0,1.0
0.435,0.7,1.0
0.46,1.0,0.67
0.445,0.7,0.96
1.0,1.0,1.0
1.0,1.0,1.0
0.215,1.0,1.0
0.385,0.79,0.855
0.415,1.0,0.935
0.425,1.0,0.395
1.0,1.0,1.0
1.0,1.0,0.825
1.0,0.65,0.915
0.375,0.785,0.975
0.36,0.69,0.965
0.395,0.725,0.79
1.0,1.0,1.0
1.0,0.395,1.0
1.0,1.0,1.0
0.215,0.655,0.97
0.395,0.71,1.0
0.46,0.715,0.775
1.0,1.0,1.0
1.0,1.0,0.875
1.0,0.635,0.835
0.315,0.815,0.985
0.405,0.675,0.835
0.395,0.695,0.78
1.0,1.0,1.0
1.0,1.0,0.665
1.0,0.635,1.0
0.315,0.62,0.69
0.4,1.0,0.925
0.405,1.0,0.945
1.0,1.0,0.965
1.0,1.0,0.95
1.0,0.645,0.815
0.575,0.535,0.94
0.29,1.0,0.94
0.46,0.725,0.875
1.0,1.0,0.935
1.0,1.0,1.0
1.0,0.61,1.0
0.29,0.695,0.82
0.31,0.765,0.995
0.445,0.71,0.97
1.0,1.0,1.0
1.0,1.0,1.0
1.0,1.0,1.0
1.0,1.0,1.0
1.0,1.0,1.0
1.0,1.0,1.0
1.0,1.0,1.0
1.0,1.0,0.95
0.99,1.0,1.0
1.0,1.0,0.11
1.0,0.81,1.0
1.0,0.8712871287128713,0.900990099009901
1.0,1.0,1.0
1.0,1.0,1.0
0.98,0.98,1.0
1.0,1.0,0.9702970297029703
1.0,1.0,0.9702970297029703
0.8529411764705882,1.0,0.9313725490196079
0.67,1.0,0.72
1.0,1.0,1.0
0.6138613861386139,1.0,0.9801980198019802
1.0,1.0,0.9333333333333333
1.0,1.0,1.0
1.0,1.0,0.9801980198019802
1.0,1.0,1.0
1.0,1.0,1.0
1.0,1.0,1.0
1.0,1.0,1.0
1.0,1.0,1.0
1.0,1.0,1.0
1.0,1.0,0.0
1.0,1.0,0.9
1.0,1.0,0.10784313725490197
1.0,1.0,1.0
1.0,1.0,1.0
1.0,1.0,1.0
1.0,1.0,1.0
1.0,1.0,0.18
1.0,1.0,0.8737864077669902
0.7326732673267327,1.0,0.9504950495049505
1.0,1.0,0.9
0.88,0.85,0.94
1.0,1.0,1.0
1.0,1.0,1.0
1.0,1.0,1.0
1.0,1.0,1.0
1.0,1.0,1.0
0.8252427184466019,1.0,0.9805825242718447
1.0,1.0,1.0
1.0,1.0,1.0
1.0,1.0,1.0
1.0,1.0,1.0
1.0,1.0,1.0
1.0,1.0,1.0
1.0,1.0,0.03
1.0,1.0,1.0
1.0,1.0,1.0
1.0,1.0,1.0
1.0,0.82,1.0
1.0,1.0,0.9900990099009901
1.0,1.0,0.2
1.0,1.0,0.97
1.0,1.0,0.9607843137254902
1.0,1.0,1.0
1.0,1.0,1.0
1.0,1.0,0.9805825242718447
1.0,1.0,1.0
1.0,1.0,0.82
0.6990291262135923,1.0,1.0
0.8333333333333334,1.0,1.0
1.0,1.0,1.0
0.7884615384615384,0.7019230769230769,0.9711538461538461
1.0,1.0,1.0
1.0,1.0,1.0
1.0,1.0,1.0
1.0,1.0,1.0
1.0,1.0,1.0
1.0,1.0,1.0
1.0,1.0,0.03
1.0,1.0,0.36
1.0,1.0,1.0
1.0,1.0,1.0
1.0,0.7722772277227723,1.0
1.0,1.0,1.0
1.0,1.0,0.23
1.0,1.0,1.0
1.0,1.0,0.82
1.0,1.0,0.8811881188118812
0.8058252427184466,1.0,1.0
0.85,0.79,0.98
1.0,1.0,1.0
1.0,1.0,0.86
1.0,1.0,1.0
0.6138613861386139,1.0,1.0
1.0,1.0,0.9215686274509803
0.6470588235294118,0.7745098039215687,0.9117647058823529
1.0,1.0,1.0
1.0,1.0,1.0
1.0,1.0,1.0
1.0,1.0,1.0
1.0,1.0,1.0
1.0,1.0,1.0
1.0,1.0,0.27
1.0,1.0,1.0
1.0,1.0,1.0
1.0,1.0,1.0
1.0,1.0,1.0
1.0,1.0,0.91
1.0,1.0,1.0
1.0,1.0,0.55
1.0,1.0,0.97
1.0,1.0,1.0
1.0,1.0,0.970873786407767
1.0,1.0,0.9313725490196079
1.0,1.0,0.23
1.0,1.0,1.0
1.0,1.0,0.86
1.0,1.0,0.9019607843137255
0.77,1.0,0.89
0.8235294117647058,1.0,0.8431372549019608
1.0,1.0,1.0
1.0,1.0,1.0
1.0,1.0,1.0
1.0,1.0,1.0
1.0,1.0,1.0
1.0,1.0,0.88
1.0,1.0,0.06
1.0,1.0,1.0
1.0,1.0,0.51
1.0,1.0,1.0
1.0,1.0,0.9
1.0,1.0,0.81
1.0,1.0,0.19
1.0,1.0,0.35
1.0,1.0,0.86
1.0,1.0,0.47
0.83,1.0,0.87
1.0,1.0,0.7450980392156863
1.0,1.0,0.95
1.0,1.0,1.0
1.0,1.0,0.88
1.0,1.0,1.0
0.79,1.0,0.81
0.51,1.0,0.64
1.0,1.0,1.0
1.0,1.0,1.0
1.0,1.0,1.0
1.0,1.0,1.0
1.0,0.82,0.33
1.0,0.82,1.0
1.0,1.0,1.0
1.0,1.0,0.16
1.0,1.0,0.25
1.0,1.0,1.0
1.0,1.0,0.38
1.0,1.0,0.83
1.0,1.0,1.0
1.0,1.0,1.0
1.0,1.0,1.0
1.0,1.0,0.42
1.0,1.0,1.0
1.0,0.83,0.84
1.0,1.0,1.0
1.0,1.0,1.0
1.0,1.0,0.65
1.0,1.0,0.42574257425742573
0.801980198019802,1.0,1.0
0.5,0.85,1.0
1.0,1.0,1.0
1.0,1.0,1.0
1.0,1.0,1.0
1.0,1.0,1.0
1.0,0.83,1.0
1.0,1.0,0.97
1.0,1.0,0.11
1.0,1.0,1.0
1.0,1.0,0.27
1.0,1.0,1.0
1.0,1.0,1.0
1.0,1.0,1.0
1.0,1.0,1.0
1.0,1.0,0.34
1.0,1.0,1.0
0.92,1.0,1.0
0.78,1.0,1.0
0.77,1.0,0.82
1.0,1.0,1.0
1.0,1.0,1.0
1.0,1.0,1.0
1.0,1.0,1.0
1.0,0.7227722772277227,1.0
0.47058823529411764,1.0,0.6764705882352942
1.0,1.0,1.0
1.0,1.0,1.0
1.0,1.0,1.0
1.0,1.0,1.0
1.0,1.0,1.0
1.0,0.81,0.82
1.0,0.53,1.0
1.0,1.0,0.3
0.99,1.0,0.3
1.0,1.0,1.0
1.0,0.62,1.0
1.0,0.68,0.72
1.0,1.0,1.0
1.0,1.0,1.0
1.0,0.63,1.0
1.0,1.0,0.37623762376237624
1.0,1.0,1.0
0.83,0.91,0.8
1.0,1.0,0.12
1.0,0.59,0.93
1.0,1.0,0.88
1.0,1.0,1.0
0.43564356435643564,1.0,0.8514851485148515
0.7128712871287128,0.7722772277227723,1.0
1.0,1.0,1.0
1.0,1.0,1.0
1.0,1.0,1.0
1.0,1.0,0.97
1.0,1.0,0.87
1.0,0.89,0.98
1.0,1.0,0.04
1.0,1.0,0.11
1.0,1.0,0.3
1.0,1.0,1.0
1.0,1.0,0.87
1.0,0.92,1.0
1.0,1.0,1.0
1.0,1.0,1.0
1.0,1.0,0.43564356435643564
1.0,1.0,1.0
1.0,1.0,1.0
0.59,1.0,0.87
1.0,1.0,1.0
1.0,1.0,1.0
1.0,1.0,1.0
1.0,1.0,1.0
0.45,1.0,1.0
0.5,0.77,0.69
1.0,1.0,1.0
1.0,1.0,1.0
1.0,1.0,1.0
1.0,1.0,1.0
1.0,1.0,1.0
1.0,1.0,1.0
1.0,1.0,0.04
1.0,1.0,0.12
1.0,1.0,1.0
1.0,0.3786407766990291,0.7572815533980582
1.0,0.39215686274509803,1.0
1.0,1.0,0.9904761904761905
1.0,1.0,0.29
1.0,1.0,0.21
1.0,1.0,0.9019607843137255
1.0,0.8679245283018868,0.8773584905660378
1.0,0.660377358490566,1.0
1.0,1.0,0.8148148148148148
1.0,1.0,1.0
1.0,1.0,1.0
1.0,1.0,0.8611111111111112
1.0,0.34615384615384615,1.0
0.6074766355140186,0.6074766355140186,0.9906542056074766
1.0,1.0,0.7913043478260869
1.0,1.0,1.0
1.0,1.0,1.0
1.0,1.0,1.0
1.0,1.0,1.0
1.0,1.0,1.0
1.0,1.0,1.0
1.0,1.0,0.0
1.0,1.0,0.77
1.0,1.0,0.28
1.0,1.0,1.0
1.0,1.0,0.76
1.0,1.0,1.0
1.0,1.0,1.0
1.0,1.0,1.0
1.0,1.0,0.95
1.0,1.0,0.92
1.0,1.0,1.0
1.0,0.55,1.0
1.0,1.0,1.0
1.0,1.0,0.85
1.0,1.0,0.98
1.0,1.0,1.0
1.0,1.0,1.0
0.62,1.0,1.0
1.0,1.0,1.0
1.0,1.0,1.0
1.0,1.0,1.0
1.0,1.0,1.0
1.0,1.0,1.0
1.0,1.0,1.0
1.0,1.0,0.2
1.0,1.0,0.97
1.0,1.0,1.0
1.0,1.0,1.0
1.0,1.0,0.92
1.0,0.39,1.0
1.0,1.0,0.47
1.0,1.0,0.12
1.0,1.0,0.96
1.0,1.0,0.81
1.0,1.0,0.97
1.0,1.0,1.0
1.0,1.0,1.0
1.0,1.0,1.0
1.0,1.0,0.93
1.0,1.0,1.0
1.0,1.0,0.79
0.6,1.0,0.98
1.0,1.0,1.0
1.0,1.0,1.0
1.0,1.0,1.0
1.0,1.0,1.0
1.0,1.0,1.0
1.0,1.0,1.0
1.0,1.0,1.0
1.0,1.0,1.0
1.0,1.0,1.0
1.0,1.0,1.0
1.0,0.4752475247524752,1.0
1.0,1.0,1.0
1.0,1.0,1.0
1.0,1.0,1.0
1.0,1.0,0.48514851485148514
1.0,1.0,1.0
1.0,1.0,1.0
0.7029702970297029,0.9702970297029703,1.0
1.0,1.0,1.0
1.0,1.0,0.93
1.0,1.0,0.99
0.45544554455445546,1.0,1.0
1.0,1.0,1.0
0.57,1.0,1.0
1.0,1.0,1.0
1.0,1.0,1.0
1.0,1.0,1.0
1.0,1.0,1.0
1.0,1.0,1.0
1.0,1.0,1.0
1.0,1.0,1.0
1.0,1.0,1.0
1.0,1.0,0.29
1.0,1.0,1.0
1.0,1.0,0.9223300970873787
1.0,0.83,1.0
1.0,1.0,1.0
1.0,1.0,1.0
1.0,1.0,1.0
0.8415841584158416,1.0,0.9405940594059405
1.0,0.7941176470588235,1.0
0.8431372549019608,0.7450980392156863,0.9411764705882353
1.0,1.0,0.93
1.0,1.0,1.0
1.0,1.0,0.8932038834951457
1.0,1.0,0.9801980198019802
0.6442307692307693,1.0,1.0
0.8490566037735849,1.0,0.9811320754716981
1.0,1.0,1.0
1.0,1.0,1.0
1.0,1.0,1.0
1.0,1.0,1.0
1.0,1.0,1.0
1.0,1.0,1.0
1.0,1.0,0.09
1.0,1.0,1.0
1.0,1.0,0.0196078431372549
1.0,1.0,1.0
1.0,1.0,1.0
1.0,1.0,0.900990099009901
1.0,1.0,1.0
1.0,1.0,0.37
1.0,1.0,0.900990099009901
1.0,1.0,1.0
1.0,1.0,1.0
0.8543689320388349,1.0,0.9805825242718447
1.0,1.0,1.0
1.0,1.0,1.0
1.0,1.0,1.0
0.7029702970297029,1.0,1.0
1.0,0.7102803738317757,0.8785046728971962
0.8055555555555556,0.75,0.5740740740740741
1.0,1.0,1.0
1.0,1.0,1.0
1.0,1.0,1.0
1.0,1.0,1.0
1.0,1.0,1.0
1.0,1.0,1.0
1.0,1.0,1.0
1.0,1.0,0.03
1.0,1.0,0.9207920792079208
1.0,1.0,1.0
1.0,1.0,1.0
1.0,1.0,0.9504950495049505
1.0,1.0,0.53
1.0,1.0,0.3564356435643564
1.0,1.0,1.0
1.0,1.0,1.0
1.0,1.0,1.0
1.0,1.0,0.8446601941747572
1.0,1.0,1.0
1.0,1.0,1.0
1.0,1.0,0.9807692307692307
1.0,1.0,1.0
0.6730769230769231,1.0,0.9134615384615384
0.5196078431372549,1.0,0.7843137254901961
1.0,1.0,1.0
1.0,1.0,1.0
1.0,1.0,1.0
1.0,1.0,1.0
1.0,1.0,1.0
1.0,1.0,1.0
1.0,1.0,0.03
1.0,1.0,1.0
1.0,1.0,0.2
1.0,1.0,0.95
1.0,1.0,1.0
1.0,0.9405940594059405,1.0
1.0,1.0,1.0
1.0,1.0,1.0
1.0,1.0,1.0
1.0,1.0,1.0
1.0,1.0,0.9108910891089109
1.0,1.0,0.9047619047619048
0.74,1.0,1.0
1.0,1.0,1.0
1.0,1.0,0.9
0.8118811881188119,1.0,1.0
1.0,1.0,1.0
0.6057692307692307,0.7403846153846154,0.9615384615384616
1.0,1.0,1.0
1.0,1.0,1.0
1.0,1.0,1.0
1.0,1.0,1.0
1.0,1.0,1.0
1.0,1.0,0.94
1.0,1.0,0.9
1.0,1.0,0.91
1.0,1.0,0.9603960396039604
1.0,1.0,0.98
1.0,1.0,0.99
1.0,1.0,1.0
1.0,1.0,0.94
1.0,0.56,1.0
1.0,1.0,0.9108910891089109
0.61,1.0,1.0
0.54,1.0,1.0
0.7,1.0,0.91
1.0,1.0,0.85
1.0,0.5643564356435643,1.0
1.0,1.0,0.8712871287128713
0.66,1.0,1.0
0.46534653465346537,1.0,1.0
0.6336633663366337,0.801980198019802,0.6732673267326733
1.0,0.61,1.0
1.0,1.0,1.0
1.0,1.0,1.0
1.0,1.0,1.0
1.0,1.0,1.0
1.0,1.0,1.0
1.0,0.87,1.0
1.0,0.89,1.0
1.0,0.9,0.93
1.0,1.0,0.98
1.0,0.72,0.55
1.0,1.0,0.45
1.0,1.0,0.89
1.0,1.0,1.0
0.88,0.88,0.89
1.0,0.8712871287128713,1.0
0.71,1.0,1.0
0.5247524752475248,1.0,0.8415841584158416
0.63,0.63,0.91
1.0,0.89,0.7
0.7,0.79,0.71
0.72,0.92,0.83
0.47,1.0,0.5
0.63,1.0,1.0
1.0,1.0,1.0
1.0,1.0,1.0
1.0,1.0,1.0
1.0,1.0,1.0
1.0,1.0,0.83
1.0,1.0,0.51
1.0,1.0,0.42
1.0,1.0,1.0
1.0,1.0,1.0
1.0,1.0,0.28
1.0,1.0,1.0
1.0,1.0,0.67
1.0,1.0,0.95
1.0,1.0,1.0
1.0,0.5346534653465347,0.9306930693069307
1.0,1.0,0.34
0.56,1.0,0.8
0.63,1.0,0.95
1.0,0.32,1.0
1.0,0.42,0.92
1.0,0.48,1.0
0.56,0.7,0.86
0.54,1.0,0.71
0.54,1.0,0.62
1.0,1.0,1.0
1.0,1.0,1.0
1.0,1.0,1.0
1.0,1.0,1.0
1.0,1.0,1.0
1.0,1.0,1.0
1.0,1.0,0.17
1.0,1.0,0.11
1.0,1.0,0.5196078431372549
1.0,1.0,0.5566037735849056
1.0,1.0,0.8018867924528302
1.0,0.9074074074074074,0.9074074074074074
1.0,1.0,1.0
1.0,1.0,0.5242718446601942
1.0,1.0,1.0
1.0,1.0,1.0
1.0,1.0,0.963302752293578
1.0,1.0,0.9724770642201835
1.0,1.0,0.38
1.0,1.0,0.32710280373831774
1.0,1.0,1.0
1.0,1.0,0.963963963963964
0.575,1.0,0.8833333333333333
0.6153846153846154,1.0,0.8034188034188035
1.0,1.0,1.0
1.0,1.0,1.0
1.0,1.0,1.0
1.0,1.0,1.0
1.0,1.0,1.0
1.0,1.0,1.0
1.0,1.0,0.12
1.0,1.0,1.0
1.0,1.0,0.22
1.0,1.0,1.0
1.0,1.0,0.96
1.0,1.0,1.0
1.0,1.0,0.87
1.0,1.0,1.0
1.0,1.0,1.0
1.0,1.0,1.0
1.0,1.0,0.94
1.0,0.56,0.97
1.0,1.0,0.55
1.0,1.0,0.74
1.0,1.0,1.0
1.0,1.0,0.95
0.5,1.0,0.87
0.66,1.0,1.0
1.0,1.0,1.0
1.0,1.0,1.0
1.0,1.0,1.0
1.0,1.0,0.86
1.0,1.0,1.0
1.0,1.0,1.0
1.0,1.0,0.32
1.0,1.0,0.24
1.0,1.0,1.0
1.0,1.0,0.33
1.0,1.0,1.0
0.900990099009901,1.0,0.8910891089108911
1.0,1.0,1.0
1.0,1.0,0.37
1.0,1.0,0.9801980198019802
1.0,1.0,0.97
1.0,1.0,1.0
1.0,1.0,1.0
1.0,1.0,0.98
1.0,1.0,1.0
1.0,1.0,0.91
1.0,1.0,1.0
0.7920792079207921,1.0,1.0
0.5784313725490197,1.0,1.0
1.0,1.0,1.0
1.0,1.0,1.0
1.0,1.0,1.0
1.0,1.0,1.0
1.0,1.0,1.0
1.0,1.0,1.0
1.0,1.0,1.0
1.0,1.0,0.25742574257425743
1.0,1.0,0.20588235294117646
1.0,1.0,0.06930693069306931
1.0,1.0,1.0
1.0,1.0,0.97
1.0,1.0,0.06
1.0,1.0,1.0
1.0,1.0,0.37254901960784315
1.0,1.0,0.9134615384615384
1.0,1.0,0.9514563106796117
1.0,1.0,0.9523809523809523
1.0,1.0,1.0
1.0,1.0,1.0
1.0,1.0,1.0
0.75,1.0,0.9326923076923077
1.0,1.0,0.9019607843137255
1.0,0.8288288288288288,0.8018018018018018
1.0,1.0,1.0
1.0,1.0,1.0
1.0,1.0,1.0
1.0,1.0,1.0
1.0,1.0,1.0
1.0,0.84,1.0
1.0,1.0,0.14
1.0,1.0,0.2549019607843137
1.0,1.0,0.17
1.0,1.0,1.0
1.0,1.0,1.0
1.0,0.7623762376237624,0.9603960396039604
0.82,1.0,1.0
1.0,1.0,1.0
1.0,1.0,0.4158415841584158
0.8316831683168316,1.0,1.0
1.0,0.7766990291262136,1.0
1.0,1.0,0.8058252427184466
1.0,1.0,1.0
1.0,1.0,1.0
1.0,1.0,0.7920792079207921
1.0,1.0,0.9903846153846154
0.7142857142857143,1.0,0.9333333333333333
0.7333333333333333,1.0,1.0
1.0,1.0,1.0
1.0,1.0,1.0
1.0,1.0,1.0
1.0,1.0,1.0
1.0,1.0,1.0
1.0,1.0,1.0
1.0,1.0,0.18
1.0,1.0,0.79
1.0,1.0,0.11
1.0,1.0,1.0
1.0,1.0,1.0
1.0,1.0,0.9705882352941176
1.0,1.0,0.15
1.0,1.0,1.0
1.0,1.0,0.9702970297029703
1.0,1.0,0.5346534653465347
1.0,1.0,1.0
1.0,0.7407407407407407,0.9074074074074074
1.0,1.0,1.0
1.0,1.0,0.4803921568627451
1.0,1.0,1.0
1.0,1.0,1.0
0.7378640776699029,0.7378640776699029,1.0
0.8095238095238095,0.7714285714285715,0.9904761904761905
1.0,1.0,0.87
1.0,1.0,0.89
1.0,1.0,0.95
1.0,1.0,1.0
1.0,1.0,1.0
1.0,1.0,1.0
1.0,1.0,0.81
1.0,1.0,0.94
1.0,1.0,1.0
1.0,1.0,1.0
1.0,1.0,1.0
1.0,1.0,0.86
1.0,1.0,0.86
1.0,1.0,0.76
1.0,1.0,0.93
1.0,1.0,0.83
1.0,1.0,1.0
1.0,1.0,1.0
1.0,1.0,1.0
1.0,1.0,0.92
0.66,1.0,1.0
0.74,1.0,1.0
1.0,1.0,0.9
0.51,1.0,1.0
1.0,1.0,1.0
1.0,1.0,1.0
1.0,1.0,1.0
1.0,1.0,1.0
1.0,1.0,1.0
1.0,1.0,1.0
1.0,1.0,1.0
1.0,1.0,1.0
1.0,1.0,0.3
1.0,1.0,1.0
1.0,1.0,0.8910891089108911
1.0,0.89,1.0
1.0,1.0,0.39
1.0,1.0,1.0
1.0,1.0,0.93
1.0,1.0,1.0
1.0,1.0,1.0
1.0,1.0,1.0
1.0,1.0,1.0
1.0,1.0,1.0
1.0,1.0,1.0
0.9900990099009901,1.0,1.0
0.48,1.0,0.7
0.77,0.72,1.0
1.0,1.0,0.82
1.0,1.0,0.9
1.0,1.0,0.94
1.0,1.0,0.97
1.0,1.0,1.0
1.0,1.0,0.95
1.0,1.0,1.0
1.0,1.0,1.0
1.0,1.0,0.34
1.0,1.0,0.96
1.0,1.0,1.0
1.0,1.0,0.84
1.0,1.0,1.0
1.0,1.0,1.0
1.0,1.0,0.7821782178217822
1.0,1.0,1.0
1.0,1.0,0.8514851485148515
0.84,1.0,1.0
1.0,1.0,0.86
1.0,1.0,1.0
1.0,1.0,1.0
0.96,1.0,1.0
1.0,1.0,0.84
0.5,0.8333333333333334,0.6470588235294118
1.0,1.0,1.0
1.0,1.0,1.0
1.0,1.0,0.96
1.0,1.0,1.0
1.0,1.0,1.0
1.0,1.0,1.0
1.0,1.0,0.0
1.0,1.0,1.0
1.0,1.0,0.86
1.0,1.0,1.0
1.0,1.0,0.91
1.0,1.0,1.0
1.0,1.0,1.0
1.0,1.0,1.0
1.0,1.0,0.3
1.0,1.0,1.0
1.0,1.0,1.0
1.0,0.35,1.0
1.0,1.0,0.88
1.0,1.0,1.0
1.0,1.0,0.91
1.0,1.0,1.0
0.46,1.0,1.0
1.0,1.0,1.0
1.0,1.0,0.16
1.0,1.0,1.0
1.0,1.0,0.75
1.0,1.0,1.0
1.0,1.0,1.0
1.0,1.0,1.0
1.0,1.0,0.2
1.0,1.0,0.25
1.0,1.0,1.0
1.0,1.0,1.0
1.0,1.0,1.0
1.0,1.0,0.92
1.0,1.0,0.51
1.0,1.0,1.0
1.0,1.0,1.0
1.0,1.0,0.86
1.0,1.0,1.0
1.0,1.0,1.0
1.0,1.0,1.0
1.0,1.0,1.0
1.0,1.0,0.88
1.0,1.0,1.0
1.0,1.0,0.72
1.0,1.0,1.0
1.0,1.0,1.0
1.0,1.0,1.0
1.0,1.0,1.0
1.0,1.0,1.0
1.0,1.0,1.0
1.0,1.0,1.0
1.0,1.0,1.0
1.0,1.0,0.2376237623762376
1.0,1.0,0.43564356435643564
1.0,1.0,0.6237623762376238
1.0,0.7378640776699029,0.9611650485436893
1.0,1.0,0.900990099009901
1.0,1.0,0.68
1.0,1.0,0.37254901960784315
1.0,1.0,1.0
0.8269230769230769,1.0,1.0
1.0,0.6476190476190476,1.0
1.0,1.0,0.908256880733945
1.0,1.0,0.98
1.0,1.0,1.0
1.0,1.0,1.0
1.0,0.4351851851851852,0.9166666666666666
0.7476635514018691,0.7757009345794392,1.0
1.0,1.0,1.0
1.0,1.0,1.0
1.0,1.0,1.0
1.0,1.0,1.0
1.0,1.0,1.0
1.0,1.0,1.0
1.0,1.0,1.0
1.0,1.0,1.0
1.0,1.0,1.0
1.0,1.0,1.0
1.0,1.0,0.9326923076923077
1.0,1.0,1.0
1.0,1.0,0.9
1.0,1.0,1.0
1.0,1.0,0.8712871287128713
1.0,1.0,1.0
1.0,1.0,0.93
1.0,1.0,0.8910891089108911
0.8529411764705882,1.0,1.0
1.0,1.0,0.95
1.0,1.0,1.0
0.73,1.0,1.0
0.8137254901960784,1.0,0.8137254901960784
0.5346534653465347,0.8316831683168316,0.9900990099009901
0.5377358490566038,1.0,0.8773584905660378
1.0,1.0,1.0
1.0,1.0,1.0
1.0,1.0,1.0
1.0,1.0,1.0
1.0,1.0,1.0
1.0,1.0,1.0
1.0,1.0,1.0
1.0,1.0,0.96
1.0,1.0,1.0
1.0,1.0,1.0
1.0,1.0,1.0
1.0,1.0,1.0
1.0,1.0,0.93
1.0,1.0,1.0
1.0,1.0,0.9504950495049505
0.76,1.0,0.96
1.0,1.0,0.9509803921568627
0.7087378640776699,1.0,0.7378640776699029
1.0,1.0,0.88
1.0,1.0,1.0
1.0,1.0,0.9411764705882353
1.0,1.0,0.9901960784313726
0.6764705882352942,1.0,0.8333333333333334
0.6796116504854369,1.0,1.0
1.0,1.0,1.0
1.0,1.0,1.0
1.0,1.0,1.0
1.0,1.0,1.0
1.0,1.0,1.0
1.0,1.0,1.0
1.0,1.0,1.0
1.0,1.0,1.0
1.0,1.0,1.0
1.0,1.0,1.0
1.0,1.0,0.97
1.0,1.0,1.0
1.0,1.0,1.0
1.0,1.0,1.0
1.0,1.0,1.0
1.0,1.0,0.9313725490196079
0.82,1.0,0.98
1.0,1.0,0.8910891089108911
1.0,1.0,1.0
0.5544554455445545,1.0,1.0
1.0,1.0,0.8910891089108911
0.7572815533980582,1.0,0.9223300970873787
0.8932038834951457,1.0,0.8737864077669902
0.6732673267326733,0.7722772277227723,0.9306930693069307
1.0,1.0,1.0
1.0,1.0,1.0
1.0,1.0,1.0
1.0,1.0,1.0
1.0,1.0,0.49
1.0,1.0,1.0
1.0,1.0,0.0
1.0,1.0,0.24
1.0,1.0,1.0
1.0,1.0,0.41
1.0,1.0,1.0
1.0,1.0,1.0
1.0,1.0,0.98
1.0,1.0,1.0
1.0,1.0,0.3
1.0,1.0,1.0
1.0,1.0,1.0
0.64,0.64,1.0
1.0,1.0,1.0
1.0,1.0,0.76
1.0,1.0,0.76
1.0,1.0,1.0
0.37,1.0,0.72
0.49,0.7,1.0
1.0,1.0,1.0
1.0,1.0,1.0
1.0,1.0,0.95
1.0,1.0,1.0
1.0,1.0,1.0
1.0,1.0,1.0
1.0,1.0,1.0
1.0,1.0,0.8
1.0,1.0,1.0
1.0,1.0,1.0
1.0,1.0,1.0
0.9,1.0,1.0
1.0,1.0,1.0
1.0,1.0,1.0
1.0,1.0,1.0
1.0,0.54,1.0
0.64,0.64,1.0
0.8,1.0,1.0
1.0,1.0,1.0
1.0,1.0,1.0
1.0,0.29,1.0
1.0,0.38,1.0
0.5643564356435643,1.0,1.0
0.7,1.0,1.0
1.0,1.0,1.0
1.0,1.0,1.0
1.0,1.0,1.0
1.0,1.0,1.0
1.0,1.0,1.0
1.0,1.0,0.86
1.0,1.0,1.0
1.0,1.0,1.0
1.0,1.0,1.0
1.0,1.0,1.0
1.0,1.0,0.82
1.0,1.0,0.78
1.0,1.0,0.01
1.0,1.0,1.0
1.0,1.0,1.0
1.0,1.0,1.0
1.0,1.0,0.83
1.0,1.0,1.0
1.0,1.0,1.0
1.0,1.0,0.89
1.0,1.0,1.0
1.0,1.0,1.0
1.0,1.0,0.8118811881188119
0.48514851485148514,1.0,0.594059405940594
